#depth	O	O+	O+2	O+3	O+4	O+5	O+6	O+7	O+8	O[1]	O[2]	O[3]
 8.20148e+10	2.29e-05	7.02e-02	9.11e-01	1.85e-02	0.00e+00	0.00e+00	0.00e+00	0.00e+00	0.00e+00	1.57e-05	4.85e-06	2.28e-06
 4.92089e+11	2.29e-05	7.02e-02	9.11e-01	1.84e-02	2.13e-07	0.00e+00	0.00e+00	0.00e+00	0.00e+00	1.57e-05	4.85e-06	2.28e-06
 2.13239e+12	2.29e-05	7.02e-02	9.11e-01	1.84e-02	0.00e+00	0.00e+00	0.00e+00	0.00e+00	0.00e+00	1.57e-05	4.86e-06	2.28e-06
 8.69357e+12	2.29e-05	7.03e-02	9.12e-01	1.82e-02	0.00e+00	0.00e+00	0.00e+00	0.00e+00	0.00e+00	1.58e-05	4.86e-06	2.28e-06
 2.07662e+13	2.29e-05	7.02e-02	9.12e-01	1.79e-02	0.00e+00	0.00e+00	0.00e+00	0.00e+00	0.00e+00	1.58e-05	4.86e-06	2.28e-06
 3.64605e+13	2.29e-05	7.02e-02	9.12e-01	1.75e-02	0.00e+00	0.00e+00	0.00e+00	0.00e+00	0.00e+00	1.58e-05	4.86e-06	2.29e-06
 5.68632e+13	2.29e-05	7.02e-02	9.13e-01	1.70e-02	0.00e+00	0.00e+00	0.00e+00	0.00e+00	0.00e+00	1.58e-05	4.86e-06	2.29e-06
 8.33866e+13	2.29e-05	7.02e-02	9.13e-01	1.64e-02	0.00e+00	0.00e+00	0.00e+00	0.00e+00	0.00e+00	1.58e-05	4.86e-06	2.29e-06
 1.17867e+14	2.29e-05	7.02e-02	9.14e-01	1.56e-02	0.00e+00	0.00e+00	0.00e+00	0.00e+00	0.00e+00	1.58e-05	4.86e-06	2.29e-06
 1.62692e+14	2.30e-05	7.02e-02	9.15e-01	1.47e-02	0.00e+00	0.00e+00	0.00e+00	0.00e+00	0.00e+00	1.58e-05	4.87e-06	2.29e-06
 2.20964e+14	2.30e-05	7.03e-02	9.16e-01	1.35e-02	0.00e+00	0.00e+00	0.00e+00	0.00e+00	0.00e+00	1.58e-05	4.87e-06	2.29e-06
 2.96718e+14	2.31e-05	7.04e-02	9.17e-01	1.21e-02	0.00e+00	0.00e+00	0.00e+00	0.00e+00	0.00e+00	1.59e-05	4.89e-06	2.30e-06
 3.95197e+14	2.32e-05	7.06e-02	9.19e-01	1.05e-02	0.00e+00	0.00e+00	0.00e+00	0.00e+00	0.00e+00	1.60e-05	4.92e-06	2.31e-06
 5.23221e+14	2.34e-05	7.10e-02	9.20e-01	8.64e-03	0.00e+00	0.00e+00	0.00e+00	0.00e+00	0.00e+00	1.61e-05	4.96e-06	2.33e-06
 6.89652e+14	2.38e-05	7.17e-02	9.22e-01	6.70e-03	0.00e+00	0.00e+00	0.00e+00	0.00e+00	0.00e+00	1.63e-05	5.03e-06	2.37e-06
 9.06012e+14	2.42e-05	7.27e-02	9.23e-01	4.79e-03	0.00e+00	0.00e+00	0.00e+00	0.00e+00	0.00e+00	1.67e-05	5.13e-06	2.42e-06
 1.18728e+15	2.49e-05	7.41e-02	9.23e-01	3.08e-03	0.00e+00	0.00e+00	0.00e+00	0.00e+00	0.00e+00	1.72e-05	5.27e-06	2.49e-06
 1.55293e+15	2.59e-05	7.59e-02	9.22e-01	1.74e-03	0.00e+00	0.00e+00	0.00e+00	0.00e+00	0.00e+00	1.78e-05	5.47e-06	2.58e-06
 2.02827e+15	2.71e-05	7.81e-02	9.21e-01	8.39e-04	0.00e+00	0.00e+00	0.00e+00	0.00e+00	0.00e+00	1.87e-05	5.73e-06	2.71e-06
 2.64622e+15	2.88e-05	8.09e-02	9.19e-01	3.35e-04	0.00e+00	0.00e+00	0.00e+00	0.00e+00	0.00e+00	1.99e-05	6.08e-06	2.87e-06
 3.14527e+15	2.98e-05	8.29e-02	9.17e-01	1.64e-04	0.00e+00	0.00e+00	0.00e+00	0.00e+00	0.00e+00	2.06e-05	6.29e-06	2.97e-06
 3.45979e+15	3.07e-05	8.42e-02	9.16e-01	1.06e-04	0.00e+00	0.00e+00	0.00e+00	0.00e+00	0.00e+00	2.12e-05	6.47e-06	3.06e-06
 3.80577e+15	3.17e-05	8.57e-02	9.14e-01	6.73e-05	0.00e+00	0.00e+00	0.00e+00	0.00e+00	0.00e+00	2.19e-05	6.68e-06	3.16e-06
 4.18635e+15	3.28e-05	8.74e-02	9.13e-01	4.18e-05	0.00e+00	0.00e+00	0.00e+00	0.00e+00	0.00e+00	2.26e-05	6.91e-06	3.27e-06
 4.60498e+15	3.42e-05	8.92e-02	9.11e-01	2.57e-05	0.00e+00	0.00e+00	0.00e+00	0.00e+00	0.00e+00	2.35e-05	7.19e-06	3.40e-06
 5.06548e+15	3.56e-05	9.13e-02	9.09e-01	1.59e-05	0.00e+00	0.00e+00	0.00e+00	0.00e+00	0.00e+00	2.46e-05	7.50e-06	3.55e-06
 5.57203e+15	3.74e-05	9.36e-02	9.06e-01	9.99e-06	0.00e+00	0.00e+00	0.00e+00	0.00e+00	0.00e+00	2.58e-05	7.86e-06	3.72e-06
 6.12923e+15	3.94e-05	9.62e-02	9.04e-01	6.58e-06	0.00e+00	0.00e+00	0.00e+00	0.00e+00	0.00e+00	2.72e-05	8.28e-06	3.92e-06
 6.74216e+15	4.18e-05	9.91e-02	9.01e-01	4.64e-06	0.00e+00	0.00e+00	0.00e+00	0.00e+00	0.00e+00	2.88e-05	8.77e-06	4.16e-06
 7.41637e+15	4.46e-05	1.02e-01	8.98e-01	3.52e-06	0.00e+00	0.00e+00	0.00e+00	0.00e+00	0.00e+00	3.08e-05	9.35e-06	4.44e-06
 8.15801e+15	4.79e-05	1.06e-01	8.94e-01	2.86e-06	0.00e+00	0.00e+00	0.00e+00	0.00e+00	0.00e+00	3.30e-05	1.00e-05	4.76e-06
 8.97381e+15	5.18e-05	1.11e-01	8.89e-01	2.45e-06	0.00e+00	0.00e+00	0.00e+00	0.00e+00	0.00e+00	3.58e-05	1.09e-05	5.16e-06
 9.87119e+15	5.66e-05	1.15e-01	8.84e-01	2.16e-06	0.00e+00	0.00e+00	0.00e+00	0.00e+00	0.00e+00	3.91e-05	1.19e-05	5.63e-06
 1.08583e+16	6.24e-05	1.21e-01	8.79e-01	1.95e-06	0.00e+00	0.00e+00	0.00e+00	0.00e+00	0.00e+00	4.31e-05	1.31e-05	6.21e-06
 1.19441e+16	6.96e-05	1.28e-01	8.72e-01	1.76e-06	0.00e+00	0.00e+00	0.00e+00	0.00e+00	0.00e+00	4.81e-05	1.46e-05	6.93e-06
 1.31386e+16	7.85e-05	1.35e-01	8.64e-01	1.59e-06	0.00e+00	0.00e+00	0.00e+00	0.00e+00	0.00e+00	5.43e-05	1.64e-05	7.81e-06
 1.44524e+16	8.99e-05	1.45e-01	8.55e-01	1.43e-06	0.00e+00	0.00e+00	0.00e+00	0.00e+00	0.00e+00	6.21e-05	1.88e-05	8.94e-06
 1.58977e+16	1.04e-04	1.55e-01	8.45e-01	1.27e-06	0.00e+00	0.00e+00	0.00e+00	0.00e+00	0.00e+00	7.22e-05	2.18e-05	1.04e-05
 1.74874e+16	1.24e-04	1.68e-01	8.32e-01	1.11e-06	0.00e+00	0.00e+00	0.00e+00	0.00e+00	0.00e+00	8.55e-05	2.58e-05	1.23e-05
 1.91337e+16	1.48e-04	1.83e-01	8.17e-01	9.72e-07	0.00e+00	0.00e+00	0.00e+00	0.00e+00	0.00e+00	1.02e-04	3.07e-05	1.47e-05
 2.06957e+16	1.75e-04	1.98e-01	8.01e-01	0.00e+00	0.00e+00	0.00e+00	0.00e+00	0.00e+00	0.00e+00	1.21e-04	3.65e-05	1.74e-05
 2.21483e+16	2.07e-04	2.14e-01	7.85e-01	0.00e+00	0.00e+00	0.00e+00	0.00e+00	0.00e+00	0.00e+00	1.43e-04	4.31e-05	2.06e-05
 2.35369e+16	2.45e-04	2.31e-01	7.68e-01	0.00e+00	0.00e+00	0.00e+00	0.00e+00	0.00e+00	0.00e+00	1.69e-04	5.09e-05	2.43e-05
 2.48868e+16	2.89e-04	2.50e-01	7.50e-01	0.00e+00	0.00e+00	0.00e+00	0.00e+00	0.00e+00	0.00e+00	2.00e-04	6.01e-05	2.87e-05
 2.61880e+16	3.42e-04	2.70e-01	7.30e-01	0.00e+00	0.00e+00	0.00e+00	0.00e+00	0.00e+00	0.00e+00	2.37e-04	7.12e-05	3.40e-05
 2.74248e+16	4.05e-04	2.91e-01	7.09e-01	0.00e+00	0.00e+00	0.00e+00	0.00e+00	0.00e+00	0.00e+00	2.80e-04	8.41e-05	4.02e-05
 2.85954e+16	4.78e-04	3.13e-01	6.87e-01	0.00e+00	0.00e+00	0.00e+00	0.00e+00	0.00e+00	0.00e+00	3.31e-04	9.93e-05	4.75e-05
 2.97063e+16	5.65e-04	3.37e-01	6.63e-01	0.00e+00	0.00e+00	0.00e+00	0.00e+00	0.00e+00	0.00e+00	3.91e-04	1.17e-04	5.61e-05
 3.07616e+16	6.67e-04	3.62e-01	6.37e-01	0.00e+00	0.00e+00	0.00e+00	0.00e+00	0.00e+00	0.00e+00	4.62e-04	1.39e-04	6.63e-05
 3.17617e+16	7.88e-04	3.89e-01	6.10e-01	0.00e+00	0.00e+00	0.00e+00	0.00e+00	0.00e+00	0.00e+00	5.46e-04	1.64e-04	7.83e-05
 3.27074e+16	9.31e-04	4.18e-01	5.81e-01	0.00e+00	0.00e+00	0.00e+00	0.00e+00	0.00e+00	0.00e+00	6.44e-04	1.93e-04	9.25e-05
 3.36005e+16	1.10e-03	4.48e-01	5.51e-01	0.00e+00	0.00e+00	0.00e+00	0.00e+00	0.00e+00	0.00e+00	7.60e-04	2.28e-04	1.09e-04
 3.44438e+16	1.29e-03	4.80e-01	5.19e-01	0.00e+00	0.00e+00	0.00e+00	0.00e+00	0.00e+00	0.00e+00	8.96e-04	2.69e-04	1.29e-04
 3.52406e+16	1.52e-03	5.14e-01	4.85e-01	0.00e+00	0.00e+00	0.00e+00	0.00e+00	0.00e+00	0.00e+00	1.05e-03	3.16e-04	1.51e-04
 3.59985e+16	1.80e-03	5.50e-01	4.48e-01	0.00e+00	0.00e+00	0.00e+00	0.00e+00	0.00e+00	0.00e+00	1.25e-03	3.75e-04	1.79e-04
 3.67127e+16	2.13e-03	5.87e-01	4.11e-01	0.00e+00	0.00e+00	0.00e+00	0.00e+00	0.00e+00	0.00e+00	1.47e-03	4.42e-04	2.11e-04
 3.73788e+16	2.51e-03	6.26e-01	3.72e-01	0.00e+00	0.00e+00	0.00e+00	0.00e+00	0.00e+00	0.00e+00	1.73e-03	5.21e-04	2.49e-04
 3.80081e+16	2.95e-03	6.65e-01	3.32e-01	0.00e+00	0.00e+00	0.00e+00	0.00e+00	0.00e+00	0.00e+00	2.04e-03	6.13e-04	2.93e-04
 3.86063e+16	3.47e-03	7.06e-01	2.90e-01	0.00e+00	0.00e+00	0.00e+00	0.00e+00	0.00e+00	0.00e+00	2.40e-03	7.21e-04	3.45e-04
 3.91771e+16	4.10e-03	7.48e-01	2.48e-01	0.00e+00	0.00e+00	0.00e+00	0.00e+00	0.00e+00	0.00e+00	2.84e-03	8.52e-04	4.08e-04
 3.96432e+16	4.73e-03	7.84e-01	2.11e-01	0.00e+00	0.00e+00	0.00e+00	0.00e+00	0.00e+00	0.00e+00	3.27e-03	9.82e-04	4.70e-04
 3.99626e+16	5.23e-03	8.10e-01	1.85e-01	0.00e+00	0.00e+00	0.00e+00	0.00e+00	0.00e+00	0.00e+00	3.62e-03	1.09e-03	5.20e-04
 4.02132e+16	5.67e-03	8.31e-01	1.63e-01	0.00e+00	0.00e+00	0.00e+00	0.00e+00	0.00e+00	0.00e+00	3.93e-03	1.18e-03	5.64e-04
 4.04848e+16	6.23e-03	8.54e-01	1.40e-01	0.00e+00	0.00e+00	0.00e+00	0.00e+00	0.00e+00	0.00e+00	4.32e-03	1.29e-03	6.19e-04
 4.07717e+16	6.87e-03	8.77e-01	1.16e-01	0.00e+00	0.00e+00	0.00e+00	0.00e+00	0.00e+00	0.00e+00	4.76e-03	1.43e-03	6.83e-04
 4.10001e+16	7.46e-03	8.96e-01	9.61e-02	0.00e+00	0.00e+00	0.00e+00	0.00e+00	0.00e+00	0.00e+00	5.17e-03	1.55e-03	7.40e-04
 4.11693e+16	7.96e-03	9.10e-01	8.17e-02	0.00e+00	0.00e+00	0.00e+00	0.00e+00	0.00e+00	0.00e+00	5.51e-03	1.65e-03	7.90e-04
 4.13138e+16	8.42e-03	9.22e-01	6.96e-02	0.00e+00	0.00e+00	0.00e+00	0.00e+00	0.00e+00	0.00e+00	5.83e-03	1.75e-03	8.36e-04
 4.14759e+16	8.92e-03	9.34e-01	5.67e-02	0.00e+00	0.00e+00	0.00e+00	0.00e+00	0.00e+00	0.00e+00	6.18e-03	1.85e-03	8.85e-04
 4.16442e+16	9.43e-03	9.46e-01	4.44e-02	0.00e+00	0.00e+00	0.00e+00	0.00e+00	0.00e+00	0.00e+00	6.54e-03	1.96e-03	9.37e-04
 4.17778e+16	9.87e-03	9.55e-01	3.52e-02	0.00e+00	0.00e+00	0.00e+00	0.00e+00	0.00e+00	0.00e+00	6.84e-03	2.05e-03	9.79e-04
 4.18834e+16	1.02e-02	9.61e-01	2.85e-02	0.00e+00	0.00e+00	0.00e+00	0.00e+00	0.00e+00	0.00e+00	7.10e-03	2.12e-03	1.02e-03
 4.19953e+16	1.07e-02	9.67e-01	2.21e-02	0.00e+00	0.00e+00	0.00e+00	0.00e+00	0.00e+00	0.00e+00	7.39e-03	2.21e-03	1.06e-03
 4.21177e+16	1.11e-02	9.73e-01	1.62e-02	0.00e+00	0.00e+00	0.00e+00	0.00e+00	0.00e+00	0.00e+00	7.71e-03	2.31e-03	1.10e-03
 4.22273e+16	1.16e-02	9.77e-01	1.18e-02	0.00e+00	0.00e+00	0.00e+00	0.00e+00	0.00e+00	0.00e+00	8.01e-03	2.40e-03	1.15e-03
 4.23280e+16	1.19e-02	9.79e-01	8.65e-03	0.00e+00	0.00e+00	0.00e+00	0.00e+00	0.00e+00	0.00e+00	8.28e-03	2.48e-03	1.19e-03
 4.24434e+16	1.24e-02	9.82e-01	5.89e-03	0.00e+00	0.00e+00	0.00e+00	0.00e+00	0.00e+00	0.00e+00	8.61e-03	2.57e-03	1.23e-03
 4.25934e+16	1.31e-02	9.83e-01	3.50e-03	0.00e+00	0.00e+00	0.00e+00	0.00e+00	0.00e+00	0.00e+00	9.07e-03	2.71e-03	1.30e-03
 4.27883e+16	1.40e-02	9.84e-01	1.74e-03	0.00e+00	0.00e+00	0.00e+00	0.00e+00	0.00e+00	0.00e+00	9.71e-03	2.90e-03	1.39e-03
 4.30417e+16	1.54e-02	9.84e-01	7.03e-04	0.00e+00	0.00e+00	0.00e+00	0.00e+00	0.00e+00	0.00e+00	1.07e-02	3.18e-03	1.53e-03
 4.33712e+16	1.75e-02	9.82e-01	2.23e-04	0.00e+00	0.00e+00	0.00e+00	0.00e+00	0.00e+00	0.00e+00	1.21e-02	3.62e-03	1.74e-03
 4.37995e+16	2.12e-02	9.79e-01	5.32e-05	0.00e+00	0.00e+00	0.00e+00	0.00e+00	0.00e+00	0.00e+00	1.47e-02	4.38e-03	2.10e-03
 4.42189e+16	2.63e-02	9.74e-01	1.32e-05	0.00e+00	0.00e+00	0.00e+00	0.00e+00	0.00e+00	0.00e+00	1.83e-02	5.44e-03	2.61e-03
 4.45242e+16	3.18e-02	9.68e-01	5.00e-06	0.00e+00	0.00e+00	0.00e+00	0.00e+00	0.00e+00	0.00e+00	2.21e-02	6.57e-03	3.15e-03
 4.47749e+16	3.79e-02	9.62e-01	2.25e-06	0.00e+00	0.00e+00	0.00e+00	0.00e+00	0.00e+00	0.00e+00	2.63e-02	7.82e-03	3.75e-03
 4.49951e+16	4.51e-02	9.55e-01	1.12e-06	0.00e+00	0.00e+00	0.00e+00	0.00e+00	0.00e+00	0.00e+00	3.13e-02	9.28e-03	4.46e-03
 4.51705e+16	5.28e-02	9.47e-01	6.33e-07	0.00e+00	0.00e+00	0.00e+00	0.00e+00	0.00e+00	0.00e+00	3.67e-02	1.08e-02	5.22e-03
 4.53173e+16	6.12e-02	9.39e-01	0.00e+00	0.00e+00	0.00e+00	0.00e+00	0.00e+00	0.00e+00	0.00e+00	4.26e-02	1.25e-02	6.05e-03
 4.54508e+16	7.11e-02	9.29e-01	0.00e+00	0.00e+00	0.00e+00	0.00e+00	0.00e+00	0.00e+00	0.00e+00	4.95e-02	1.45e-02	7.01e-03
 4.55757e+16	8.30e-02	9.17e-01	0.00e+00	0.00e+00	0.00e+00	0.00e+00	0.00e+00	0.00e+00	0.00e+00	5.79e-02	1.69e-02	8.17e-03
 4.56898e+16	9.68e-02	9.03e-01	0.00e+00	0.00e+00	0.00e+00	0.00e+00	0.00e+00	0.00e+00	0.00e+00	6.77e-02	1.96e-02	9.53e-03
 4.57914e+16	1.13e-01	8.87e-01	0.00e+00	0.00e+00	0.00e+00	0.00e+00	0.00e+00	0.00e+00	0.00e+00	7.91e-02	2.28e-02	1.11e-02
 4.58818e+16	1.32e-01	8.68e-01	0.00e+00	0.00e+00	0.00e+00	0.00e+00	0.00e+00	0.00e+00	0.00e+00	9.23e-02	2.64e-02	1.29e-02
 4.59624e+16	1.53e-01	8.47e-01	0.00e+00	0.00e+00	0.00e+00	0.00e+00	0.00e+00	0.00e+00	0.00e+00	1.07e-01	3.04e-02	1.49e-02
 4.60353e+16	1.77e-01	8.23e-01	0.00e+00	0.00e+00	0.00e+00	0.00e+00	0.00e+00	0.00e+00	0.00e+00	1.25e-01	3.49e-02	1.73e-02
 4.61020e+16	2.05e-01	7.95e-01	0.00e+00	0.00e+00	0.00e+00	0.00e+00	0.00e+00	0.00e+00	0.00e+00	1.45e-01	3.99e-02	1.99e-02
 4.61637e+16	2.36e-01	7.64e-01	0.00e+00	0.00e+00	0.00e+00	0.00e+00	0.00e+00	0.00e+00	0.00e+00	1.68e-01	4.55e-02	2.28e-02
 4.62212e+16	2.73e-01	7.27e-01	0.00e+00	0.00e+00	0.00e+00	0.00e+00	0.00e+00	0.00e+00	0.00e+00	1.95e-01	5.18e-02	2.62e-02
 4.62746e+16	3.14e-01	6.86e-01	0.00e+00	0.00e+00	0.00e+00	0.00e+00	0.00e+00	0.00e+00	0.00e+00	2.25e-01	5.85e-02	3.00e-02
 4.63202e+16	3.56e-01	6.44e-01	0.00e+00	0.00e+00	0.00e+00	0.00e+00	0.00e+00	0.00e+00	0.00e+00	2.57e-01	6.50e-02	3.37e-02
 4.63548e+16	3.91e-01	6.09e-01	0.00e+00	0.00e+00	0.00e+00	0.00e+00	0.00e+00	0.00e+00	0.00e+00	2.84e-01	7.02e-02	3.68e-02
 4.63809e+16	4.21e-01	5.79e-01	0.00e+00	0.00e+00	0.00e+00	0.00e+00	0.00e+00	0.00e+00	0.00e+00	3.07e-01	7.42e-02	3.93e-02
 4.64030e+16	4.48e-01	5.52e-01	0.00e+00	0.00e+00	0.00e+00	0.00e+00	0.00e+00	0.00e+00	0.00e+00	3.28e-01	7.77e-02	4.15e-02
 4.64237e+16	4.74e-01	5.26e-01	0.00e+00	0.00e+00	0.00e+00	0.00e+00	0.00e+00	0.00e+00	0.00e+00	3.49e-01	8.08e-02	4.36e-02
 4.64429e+16	4.99e-01	5.01e-01	0.00e+00	0.00e+00	0.00e+00	0.00e+00	0.00e+00	0.00e+00	0.00e+00	3.70e-01	8.37e-02	4.55e-02
 4.64603e+16	5.23e-01	4.77e-01	0.00e+00	0.00e+00	0.00e+00	0.00e+00	0.00e+00	0.00e+00	0.00e+00	3.89e-01	8.62e-02	4.73e-02
 4.64759e+16	5.45e-01	4.55e-01	0.00e+00	0.00e+00	0.00e+00	0.00e+00	0.00e+00	0.00e+00	0.00e+00	4.08e-01	8.83e-02	4.89e-02
 4.64906e+16	5.65e-01	4.35e-01	0.00e+00	0.00e+00	0.00e+00	0.00e+00	0.00e+00	0.00e+00	0.00e+00	4.25e-01	9.01e-02	5.03e-02
 4.65043e+16	5.85e-01	4.15e-01	0.00e+00	0.00e+00	0.00e+00	0.00e+00	0.00e+00	0.00e+00	0.00e+00	4.42e-01	9.17e-02	5.16e-02
 4.65149e+16	6.00e-01	4.00e-01	0.00e+00	0.00e+00	0.00e+00	0.00e+00	0.00e+00	0.00e+00	0.00e+00	4.54e-01	9.27e-02	5.26e-02
 4.65227e+16	6.11e-01	3.89e-01	0.00e+00	0.00e+00	0.00e+00	0.00e+00	0.00e+00	0.00e+00	0.00e+00	4.64e-01	9.35e-02	5.32e-02
 4.65303e+16	6.22e-01	3.78e-01	0.00e+00	0.00e+00	0.00e+00	0.00e+00	0.00e+00	0.00e+00	0.00e+00	4.74e-01	9.42e-02	5.39e-02
 4.65386e+16	6.35e-01	3.65e-01	0.00e+00	0.00e+00	0.00e+00	0.00e+00	0.00e+00	0.00e+00	0.00e+00	4.85e-01	9.48e-02	5.46e-02
 4.65471e+16	6.46e-01	3.54e-01	0.00e+00	0.00e+00	0.00e+00	0.00e+00	0.00e+00	0.00e+00	0.00e+00	4.96e-01	9.54e-02	5.53e-02
 4.65555e+16	6.59e-01	3.41e-01	0.00e+00	0.00e+00	0.00e+00	0.00e+00	0.00e+00	0.00e+00	0.00e+00	5.07e-01	9.59e-02	5.59e-02
 4.65636e+16	6.70e-01	3.30e-01	0.00e+00	0.00e+00	0.00e+00	0.00e+00	0.00e+00	0.00e+00	0.00e+00	5.18e-01	9.64e-02	5.65e-02
 4.65716e+16	6.82e-01	3.18e-01	0.00e+00	0.00e+00	0.00e+00	0.00e+00	0.00e+00	0.00e+00	0.00e+00	5.28e-01	9.67e-02	5.70e-02
 4.65794e+16	6.92e-01	3.08e-01	0.00e+00	0.00e+00	0.00e+00	0.00e+00	0.00e+00	0.00e+00	0.00e+00	5.38e-01	9.69e-02	5.75e-02
 4.65873e+16	7.04e-01	2.96e-01	0.00e+00	0.00e+00	0.00e+00	0.00e+00	0.00e+00	0.00e+00	0.00e+00	5.49e-01	9.71e-02	5.79e-02
 4.65952e+16	7.15e-01	2.85e-01	0.00e+00	0.00e+00	0.00e+00	0.00e+00	0.00e+00	0.00e+00	0.00e+00	5.59e-01	9.72e-02	5.83e-02
 4.66029e+16	7.25e-01	2.75e-01	0.00e+00	0.00e+00	0.00e+00	0.00e+00	0.00e+00	0.00e+00	0.00e+00	5.69e-01	9.72e-02	5.87e-02
 4.66104e+16	7.35e-01	2.65e-01	0.00e+00	0.00e+00	0.00e+00	0.00e+00	0.00e+00	0.00e+00	0.00e+00	5.79e-01	9.72e-02	5.90e-02
 4.66181e+16	7.45e-01	2.55e-01	0.00e+00	0.00e+00	0.00e+00	0.00e+00	0.00e+00	0.00e+00	0.00e+00	5.89e-01	9.70e-02	5.92e-02
 4.66256e+16	7.55e-01	2.45e-01	0.00e+00	0.00e+00	0.00e+00	0.00e+00	0.00e+00	0.00e+00	0.00e+00	5.98e-01	9.68e-02	5.94e-02
 4.66331e+16	7.64e-01	2.36e-01	0.00e+00	0.00e+00	0.00e+00	0.00e+00	0.00e+00	0.00e+00	0.00e+00	6.08e-01	9.66e-02	5.96e-02
 4.66406e+16	7.74e-01	2.26e-01	0.00e+00	0.00e+00	0.00e+00	0.00e+00	0.00e+00	0.00e+00	0.00e+00	6.18e-01	9.62e-02	5.97e-02
 4.66479e+16	7.83e-01	2.17e-01	0.00e+00	0.00e+00	0.00e+00	0.00e+00	0.00e+00	0.00e+00	0.00e+00	6.27e-01	9.58e-02	5.97e-02
 4.66551e+16	7.91e-01	2.09e-01	0.00e+00	0.00e+00	0.00e+00	0.00e+00	0.00e+00	0.00e+00	0.00e+00	6.36e-01	9.53e-02	5.97e-02
 4.66624e+16	8.00e-01	2.00e-01	0.00e+00	0.00e+00	0.00e+00	0.00e+00	0.00e+00	0.00e+00	0.00e+00	6.45e-01	9.48e-02	5.96e-02
 4.66696e+16	8.08e-01	1.92e-01	0.00e+00	0.00e+00	0.00e+00	0.00e+00	0.00e+00	0.00e+00	0.00e+00	6.54e-01	9.42e-02	5.95e-02
 4.66768e+16	8.16e-01	1.84e-01	0.00e+00	0.00e+00	0.00e+00	0.00e+00	0.00e+00	0.00e+00	0.00e+00	6.63e-01	9.36e-02	5.93e-02
 4.66839e+16	8.24e-01	1.76e-01	0.00e+00	0.00e+00	0.00e+00	0.00e+00	0.00e+00	0.00e+00	0.00e+00	6.72e-01	9.29e-02	5.91e-02
 4.66908e+16	8.31e-01	1.69e-01	0.00e+00	0.00e+00	0.00e+00	0.00e+00	0.00e+00	0.00e+00	0.00e+00	6.80e-01	9.22e-02	5.89e-02
 4.66976e+16	8.38e-01	1.62e-01	0.00e+00	0.00e+00	0.00e+00	0.00e+00	0.00e+00	0.00e+00	0.00e+00	6.88e-01	9.15e-02	5.86e-02
 4.67043e+16	8.44e-01	1.56e-01	0.00e+00	0.00e+00	0.00e+00	0.00e+00	0.00e+00	0.00e+00	0.00e+00	6.95e-01	9.08e-02	5.83e-02
 4.67109e+16	8.51e-01	1.49e-01	0.00e+00	0.00e+00	0.00e+00	0.00e+00	0.00e+00	0.00e+00	0.00e+00	7.03e-01	9.00e-02	5.80e-02
 4.67174e+16	8.57e-01	1.43e-01	0.00e+00	0.00e+00	0.00e+00	0.00e+00	0.00e+00	0.00e+00	0.00e+00	7.10e-01	8.92e-02	5.77e-02
 4.67239e+16	8.63e-01	1.37e-01	0.00e+00	0.00e+00	0.00e+00	0.00e+00	0.00e+00	0.00e+00	0.00e+00	7.17e-01	8.85e-02	5.73e-02
 4.67302e+16	8.68e-01	1.32e-01	0.00e+00	0.00e+00	0.00e+00	0.00e+00	0.00e+00	0.00e+00	0.00e+00	7.24e-01	8.77e-02	5.70e-02
 4.67364e+16	8.74e-01	1.26e-01	0.00e+00	0.00e+00	0.00e+00	0.00e+00	0.00e+00	0.00e+00	0.00e+00	7.30e-01	8.69e-02	5.66e-02
 4.67426e+16	8.79e-01	1.21e-01	0.00e+00	0.00e+00	0.00e+00	0.00e+00	0.00e+00	0.00e+00	0.00e+00	7.37e-01	8.61e-02	5.62e-02
 4.67488e+16	8.84e-01	1.16e-01	0.00e+00	0.00e+00	0.00e+00	0.00e+00	0.00e+00	0.00e+00	0.00e+00	7.43e-01	8.53e-02	5.58e-02
 4.67548e+16	8.88e-01	1.12e-01	0.00e+00	0.00e+00	0.00e+00	0.00e+00	0.00e+00	0.00e+00	0.00e+00	7.49e-01	8.45e-02	5.54e-02
 4.67607e+16	8.93e-01	1.07e-01	0.00e+00	0.00e+00	0.00e+00	0.00e+00	0.00e+00	0.00e+00	0.00e+00	7.54e-01	8.37e-02	5.50e-02
 4.67666e+16	8.97e-01	1.03e-01	0.00e+00	0.00e+00	0.00e+00	0.00e+00	0.00e+00	0.00e+00	0.00e+00	7.60e-01	8.29e-02	5.45e-02
 4.67725e+16	9.02e-01	9.84e-02	0.00e+00	0.00e+00	0.00e+00	0.00e+00	0.00e+00	0.00e+00	0.00e+00	7.65e-01	8.21e-02	5.41e-02
 4.67782e+16	9.06e-01	9.44e-02	0.00e+00	0.00e+00	0.00e+00	0.00e+00	0.00e+00	0.00e+00	0.00e+00	7.71e-01	8.13e-02	5.37e-02
 4.67838e+16	9.09e-01	9.06e-02	0.00e+00	0.00e+00	0.00e+00	0.00e+00	0.00e+00	0.00e+00	0.00e+00	7.76e-01	8.05e-02	5.32e-02
 4.67893e+16	9.13e-01	8.69e-02	0.00e+00	0.00e+00	0.00e+00	0.00e+00	0.00e+00	0.00e+00	0.00e+00	7.81e-01	7.97e-02	5.28e-02
 4.67948e+16	9.17e-01	8.33e-02	0.00e+00	0.00e+00	0.00e+00	0.00e+00	0.00e+00	0.00e+00	0.00e+00	7.85e-01	7.89e-02	5.23e-02
 4.68003e+16	9.20e-01	7.99e-02	0.00e+00	0.00e+00	0.00e+00	0.00e+00	0.00e+00	0.00e+00	0.00e+00	7.90e-01	7.82e-02	5.18e-02
 4.68056e+16	9.23e-01	7.66e-02	0.00e+00	0.00e+00	0.00e+00	0.00e+00	0.00e+00	0.00e+00	0.00e+00	7.95e-01	7.74e-02	5.14e-02
 4.68108e+16	9.27e-01	7.35e-02	0.00e+00	0.00e+00	0.00e+00	0.00e+00	0.00e+00	0.00e+00	0.00e+00	7.99e-01	7.67e-02	5.09e-02
 4.68160e+16	9.30e-01	7.05e-02	0.00e+00	0.00e+00	0.00e+00	0.00e+00	0.00e+00	0.00e+00	0.00e+00	8.03e-01	7.59e-02	5.05e-02
 4.68210e+16	9.32e-01	6.76e-02	0.00e+00	0.00e+00	0.00e+00	0.00e+00	0.00e+00	0.00e+00	0.00e+00	8.07e-01	7.52e-02	5.00e-02
 4.68259e+16	9.35e-01	6.47e-02	0.00e+00	0.00e+00	0.00e+00	0.00e+00	0.00e+00	0.00e+00	0.00e+00	8.11e-01	7.44e-02	4.95e-02
 4.68307e+16	9.38e-01	6.20e-02	0.00e+00	0.00e+00	0.00e+00	0.00e+00	0.00e+00	0.00e+00	0.00e+00	8.15e-01	7.36e-02	4.90e-02
 4.68353e+16	9.41e-01	5.94e-02	0.00e+00	0.00e+00	0.00e+00	0.00e+00	0.00e+00	0.00e+00	0.00e+00	8.19e-01	7.28e-02	4.85e-02
 4.68398e+16	9.43e-01	5.69e-02	0.00e+00	0.00e+00	0.00e+00	0.00e+00	0.00e+00	0.00e+00	0.00e+00	8.23e-01	7.20e-02	4.79e-02
 4.68439e+16	9.45e-01	5.46e-02	0.00e+00	0.00e+00	0.00e+00	0.00e+00	0.00e+00	0.00e+00	0.00e+00	8.27e-01	7.12e-02	4.74e-02
 4.68475e+16	9.47e-01	5.25e-02	0.00e+00	0.00e+00	0.00e+00	0.00e+00	0.00e+00	0.00e+00	0.00e+00	8.30e-01	7.05e-02	4.69e-02
 4.68505e+16	9.49e-01	5.08e-02	0.00e+00	0.00e+00	0.00e+00	0.00e+00	0.00e+00	0.00e+00	0.00e+00	8.33e-01	6.98e-02	4.65e-02
 4.68531e+16	9.51e-01	4.93e-02	0.00e+00	0.00e+00	0.00e+00	0.00e+00	0.00e+00	0.00e+00	0.00e+00	8.35e-01	6.93e-02	4.61e-02
