#depth	He	He+	He+2
 1.13975e+12	1.21e-04	6.88e-01	3.12e-01
 6.83850e+12	1.21e-04	6.88e-01	3.12e-01
 2.96335e+13	1.21e-04	6.88e-01	3.12e-01
 1.20814e+14	1.22e-04	6.90e-01	3.10e-01
 2.88585e+14	1.22e-04	6.90e-01	3.10e-01
 5.06687e+14	1.23e-04	6.92e-01	3.08e-01
 7.90221e+14	1.24e-04	6.96e-01	3.04e-01
 1.15881e+15	1.27e-04	7.01e-01	2.99e-01
 1.63799e+15	1.30e-04	7.10e-01	2.90e-01
 2.26091e+15	1.35e-04	7.22e-01	2.78e-01
 3.07071e+15	1.42e-04	7.39e-01	2.61e-01
 4.12345e+15	1.52e-04	7.62e-01	2.38e-01
 5.49201e+15	1.66e-04	7.93e-01	2.07e-01
 7.27114e+15	1.86e-04	8.31e-01	1.68e-01
 9.44234e+15	2.11e-04	8.73e-01	1.27e-01
 1.18202e+16	2.39e-04	9.11e-01	8.92e-02
 1.42931e+16	2.68e-04	9.40e-01	5.98e-02
 1.68650e+16	2.98e-04	9.61e-01	3.86e-02
 1.95397e+16	3.29e-04	9.76e-01	2.41e-02
 2.23214e+16	3.62e-04	9.85e-01	1.47e-02
 2.49266e+16	3.93e-04	9.90e-01	9.26e-03
 2.74192e+16	4.23e-04	9.94e-01	5.97e-03
 3.01611e+16	4.57e-04	9.96e-01	3.71e-03
 3.31772e+16	4.95e-04	9.97e-01	2.22e-03
 3.64523e+16	5.38e-04	9.98e-01	1.29e-03
 3.99106e+16	5.85e-04	9.99e-01	7.36e-04
 4.35071e+16	6.36e-04	9.99e-01	4.19e-04
 4.72475e+16	6.91e-04	9.99e-01	2.38e-04
 5.11376e+16	7.50e-04	9.99e-01	1.35e-04
 5.51832e+16	8.14e-04	9.99e-01	7.69e-05
 5.93907e+16	8.84e-04	9.99e-01	4.38e-05
 6.37665e+16	9.59e-04	9.99e-01	2.50e-05
 6.83172e+16	1.04e-03	9.99e-01	1.44e-05
 7.30501e+16	1.13e-03	9.99e-01	8.28e-06
 7.79722e+16	1.23e-03	9.99e-01	4.79e-06
 8.30912e+16	1.33e-03	9.99e-01	2.79e-06
 8.84150e+16	1.44e-03	9.99e-01	1.63e-06
 9.39518e+16	1.57e-03	9.98e-01	9.54e-07
 9.97100e+16	1.70e-03	9.98e-01	5.61e-07
 1.05699e+17	1.85e-03	9.98e-01	3.30e-07
 1.11927e+17	2.01e-03	9.98e-01	1.95e-07
 1.18404e+17	2.19e-03	9.98e-01	1.16e-07
 1.24887e+17	2.38e-03	9.98e-01	7.03e-08
 1.31226e+17	2.57e-03	9.97e-01	4.40e-08
 1.38072e+17	2.80e-03	9.97e-01	2.68e-08
 1.45379e+17	3.05e-03	9.97e-01	1.64e-08
 1.52288e+17	3.30e-03	9.97e-01	1.05e-08
 1.58846e+17	3.56e-03	9.96e-01	6.99e-09
 1.66356e+17	3.89e-03	9.96e-01	4.45e-09
 1.74483e+17	4.26e-03	9.96e-01	2.87e-09
 1.81761e+17	4.63e-03	9.95e-01	2.00e-09
 1.88538e+17	5.00e-03	9.95e-01	1.46e-09
 1.96321e+17	5.47e-03	9.95e-01	1.06e-09
 2.04725e+17	6.03e-03	9.94e-01	7.91e-10
 2.12165e+17	6.58e-03	9.93e-01	6.42e-10
 2.18964e+17	7.15e-03	9.93e-01	5.47e-10
 2.26697e+17	7.88e-03	9.92e-01	4.73e-10
 2.34966e+17	8.77e-03	9.91e-01	4.22e-10
 2.42120e+17	9.66e-03	9.90e-01	3.93e-10
 2.48482e+17	1.06e-02	9.89e-01	3.74e-10
 2.55630e+17	1.18e-02	9.88e-01	3.59e-10
 2.63237e+17	1.33e-02	9.87e-01	3.49e-10
 2.69699e+17	1.48e-02	9.85e-01	3.43e-10
 2.75285e+17	1.64e-02	9.84e-01	3.40e-10
 2.81477e+17	1.85e-02	9.82e-01	3.38e-10
 2.88056e+17	2.13e-02	9.79e-01	3.38e-10
 2.93577e+17	2.42e-02	9.76e-01	3.38e-10
 2.98227e+17	2.73e-02	9.73e-01	3.39e-10
 3.03306e+17	3.15e-02	9.69e-01	3.41e-10
 3.08697e+17	3.72e-02	9.63e-01	3.45e-10
 3.13203e+17	4.37e-02	9.56e-01	3.48e-10
 3.16959e+17	5.08e-02	9.49e-01	3.52e-10
 3.20370e+17	5.92e-02	9.41e-01	3.55e-10
 3.23488e+17	6.93e-02	9.31e-01	3.61e-10
 3.26155e+17	8.03e-02	9.20e-01	3.66e-10
 3.28483e+17	9.28e-02	9.07e-01	3.70e-10
 3.30716e+17	1.08e-01	8.92e-01	3.75e-10
 3.32789e+17	1.27e-01	8.73e-01	3.80e-10
 3.34616e+17	1.49e-01	8.51e-01	3.83e-10
 3.36203e+17	1.73e-01	8.27e-01	3.89e-10
 3.37630e+17	2.01e-01	7.99e-01	3.89e-10
 3.38952e+17	2.34e-01	7.66e-01	3.95e-10
 3.40180e+17	2.71e-01	7.29e-01	3.96e-10
 3.41330e+17	3.15e-01	6.85e-01	3.89e-10
 3.42398e+17	3.65e-01	6.35e-01	3.82e-10
 3.43390e+17	4.21e-01	5.79e-01	3.71e-10
 3.44343e+17	4.83e-01	5.17e-01	3.54e-10
 3.45429e+17	5.63e-01	4.37e-01	3.24e-10
 3.46600e+17	6.54e-01	3.46e-01	2.86e-10
 3.47673e+17	7.38e-01	2.62e-01	2.34e-10
 3.48859e+17	8.18e-01	1.82e-01	1.76e-10
 3.50401e+17	8.94e-01	1.06e-01	1.13e-10
 3.52407e+17	9.50e-01	4.99e-02	5.79e-11
 3.54661e+17	9.78e-01	2.16e-02	2.74e-11
 3.56676e+17	9.89e-01	1.09e-02	1.53e-11
 3.58073e+17	9.93e-01	7.28e-03	1.10e-11
 3.58921e+17	9.94e-01	5.82e-03	9.73e-12
 3.59719e+17	9.95e-01	4.75e-03	8.59e-12
 3.60757e+17	9.96e-01	3.75e-03	7.58e-12
 3.61757e+17	9.97e-01	3.08e-03	7.47e-12
 3.62446e+17	9.97e-01	2.71e-03	7.56e-12
 3.62955e+17	9.98e-01	2.47e-03	7.89e-12
 3.63495e+17	9.98e-01	2.24e-03	8.41e-12
 3.64093e+17	9.98e-01	2.01e-03	9.31e-12
 3.64614e+17	9.98e-01	1.81e-03	1.05e-11
 3.64996e+17	9.98e-01	1.68e-03	1.17e-11
 3.65264e+17	9.98e-01	1.58e-03	1.28e-11
 3.65480e+17	9.98e-01	1.51e-03	1.38e-11
 3.65686e+17	9.99e-01	1.44e-03	1.50e-11
 3.65881e+17	9.99e-01	1.37e-03	1.62e-11
 3.66055e+17	9.99e-01	1.32e-03	1.75e-11
 3.66214e+17	9.99e-01	1.27e-03	1.88e-11
 3.66361e+17	9.99e-01	1.22e-03	2.03e-11
 3.66494e+17	9.99e-01	1.19e-03	2.17e-11
 3.66620e+17	9.99e-01	1.15e-03	2.33e-11
 3.66725e+17	9.99e-01	1.12e-03	2.46e-11
 3.66803e+17	9.99e-01	1.11e-03	2.57e-11
 3.66874e+17	9.99e-01	1.09e-03	2.69e-11
 3.66951e+17	9.99e-01	1.07e-03	2.81e-11
 3.67033e+17	9.99e-01	1.05e-03	2.95e-11
 3.67112e+17	9.99e-01	1.03e-03	3.10e-11
 3.67188e+17	9.99e-01	1.02e-03	3.25e-11
 3.67264e+17	9.99e-01	1.00e-03	3.42e-11
 3.67340e+17	9.99e-01	9.85e-04	3.59e-11
 3.67415e+17	9.99e-01	9.71e-04	3.78e-11
 3.67490e+17	9.99e-01	9.58e-04	3.97e-11
 3.67563e+17	9.99e-01	9.46e-04	4.18e-11
 3.67634e+17	9.99e-01	9.35e-04	4.39e-11
 3.67706e+17	9.99e-01	9.22e-04	4.62e-11
 3.67778e+17	9.99e-01	9.11e-04	4.87e-11
 3.67850e+17	9.99e-01	9.01e-04	5.12e-11
 3.67919e+17	9.99e-01	8.92e-04	5.39e-11
 3.67987e+17	9.99e-01	8.84e-04	5.68e-11
 3.68056e+17	9.99e-01	8.75e-04	5.99e-11
 3.68123e+17	9.99e-01	8.67e-04	6.30e-11
 3.68190e+17	9.99e-01	8.60e-04	6.61e-11
 3.68255e+17	9.99e-01	8.54e-04	6.95e-11
 3.68320e+17	9.99e-01	8.49e-04	7.32e-11
 3.68383e+17	9.99e-01	8.44e-04	7.70e-11
 3.68444e+17	9.99e-01	8.40e-04	8.09e-11
 3.68504e+17	9.99e-01	8.37e-04	8.49e-11
 3.68562e+17	9.99e-01	8.34e-04	8.90e-11
 3.68620e+17	9.99e-01	8.32e-04	9.34e-11
 3.68675e+17	9.99e-01	8.31e-04	9.77e-11
 3.68729e+17	9.99e-01	8.29e-04	1.02e-10
 3.68781e+17	9.99e-01	8.27e-04	1.06e-10
 3.68831e+17	9.99e-01	8.27e-04	1.11e-10
 3.68879e+17	9.99e-01	8.25e-04	1.15e-10
 3.68922e+17	9.99e-01	8.24e-04	1.19e-10
 3.68958e+17	9.99e-01	8.22e-04	1.22e-10
 3.68989e+17	9.99e-01	8.20e-04	1.24e-10
 3.69015e+17	9.99e-01	8.17e-04	1.26e-10
 3.69038e+17	9.99e-01	8.11e-04	1.27e-10
 3.69059e+17	9.99e-01	7.82e-04	1.25e-10
 3.69077e+17	9.99e-01	8.09e-04	1.30e-10
