#depth	He	He+	He+2
 8.15402e+10	1.91e-03	9.57e-01	4.07e-02
 4.89241e+11	1.91e-03	9.57e-01	4.07e-02
 2.12004e+12	1.91e-03	9.57e-01	4.07e-02
 8.64326e+12	1.91e-03	9.58e-01	4.05e-02
 2.06460e+13	1.91e-03	9.57e-01	4.06e-02
 3.62495e+13	1.91e-03	9.58e-01	4.06e-02
 5.65341e+13	1.91e-03	9.58e-01	4.04e-02
 8.29040e+13	1.91e-03	9.58e-01	3.99e-02
 1.17185e+14	1.91e-03	9.59e-01	3.91e-02
 1.61750e+14	1.92e-03	9.60e-01	3.78e-02
 2.19685e+14	1.93e-03	9.62e-01	3.59e-02
 2.95000e+14	1.94e-03	9.65e-01	3.32e-02
 3.92910e+14	1.95e-03	9.68e-01	2.96e-02
 5.20193e+14	1.97e-03	9.73e-01	2.51e-02
 6.85660e+14	1.99e-03	9.78e-01	2.00e-02
 9.00768e+14	2.02e-03	9.83e-01	1.45e-02
 1.18041e+15	2.05e-03	9.89e-01	9.43e-03
 1.54394e+15	2.09e-03	9.93e-01	5.32e-03
 2.01653e+15	2.14e-03	9.95e-01	2.52e-03
 2.63090e+15	2.20e-03	9.97e-01	9.72e-04
 3.12706e+15	2.23e-03	9.97e-01	4.48e-04
 3.43977e+15	2.26e-03	9.97e-01	2.82e-04
 3.78375e+15	2.30e-03	9.98e-01	1.72e-04
 4.16212e+15	2.33e-03	9.98e-01	1.02e-04
 4.57833e+15	2.38e-03	9.98e-01	5.84e-05
 5.03617e+15	2.42e-03	9.98e-01	3.25e-05
 5.53978e+15	2.48e-03	9.98e-01	1.76e-05
 6.09376e+15	2.54e-03	9.97e-01	9.27e-06
 6.70314e+15	2.61e-03	9.97e-01	4.78e-06
 7.37345e+15	2.69e-03	9.97e-01	2.42e-06
 8.11080e+15	2.79e-03	9.97e-01	1.20e-06
 8.92187e+15	2.89e-03	9.97e-01	5.84e-07
 9.81406e+15	3.02e-03	9.97e-01	2.79e-07
 1.07955e+16	3.17e-03	9.97e-01	1.31e-07
 1.18750e+16	3.34e-03	9.97e-01	6.01e-08
 1.30625e+16	3.55e-03	9.96e-01	2.71e-08
 1.43688e+16	3.81e-03	9.96e-01	1.19e-08
 1.58056e+16	4.12e-03	9.96e-01	5.17e-09
 1.73862e+16	4.51e-03	9.95e-01	2.20e-09
 1.89671e+16	4.96e-03	9.95e-01	1.01e-09
 2.03887e+16	5.43e-03	9.95e-01	5.28e-10
 2.16931e+16	5.93e-03	9.94e-01	3.06e-10
 2.29583e+16	6.50e-03	9.93e-01	1.89e-10
 2.41992e+16	7.16e-03	9.93e-01	1.25e-10
 2.53872e+16	7.91e-03	9.92e-01	8.97e-11
 2.65037e+16	8.74e-03	9.91e-01	6.93e-11
 2.75559e+16	9.67e-03	9.90e-01	5.71e-11
 2.85562e+16	1.07e-02	9.89e-01	4.94e-11
 2.95097e+16	1.20e-02	9.88e-01	4.45e-11
 3.04189e+16	1.34e-02	9.87e-01	4.13e-11
 3.12804e+16	1.51e-02	9.85e-01	3.92e-11
 3.20898e+16	1.70e-02	9.83e-01	3.78e-11
 3.28528e+16	1.93e-02	9.81e-01	3.69e-11
 3.35766e+16	2.20e-02	9.78e-01	3.64e-11
 3.42647e+16	2.53e-02	9.75e-01	3.61e-11
 3.49173e+16	2.94e-02	9.71e-01	3.59e-11
 3.55347e+16	3.45e-02	9.66e-01	3.60e-11
 3.61191e+16	4.07e-02	9.59e-01	3.61e-11
 3.66695e+16	4.92e-02	9.51e-01	3.63e-11
 3.71890e+16	6.05e-02	9.39e-01	3.65e-11
 3.76068e+16	7.34e-02	9.27e-01	3.71e-11
 3.79105e+16	8.65e-02	9.14e-01	3.74e-11
 3.81665e+16	1.01e-01	8.99e-01	3.76e-11
 3.83879e+16	1.17e-01	8.83e-01	3.78e-11
 3.85885e+16	1.36e-01	8.64e-01	3.81e-11
 3.87737e+16	1.60e-01	8.40e-01	3.79e-11
 3.89412e+16	1.86e-01	8.14e-01	3.84e-11
 3.90898e+16	2.17e-01	7.83e-01	3.84e-11
 3.92241e+16	2.52e-01	7.48e-01	3.83e-11
 3.93475e+16	2.93e-01	7.07e-01	3.77e-11
 3.94615e+16	3.40e-01	6.60e-01	3.69e-11
 3.95682e+16	3.92e-01	6.08e-01	3.62e-11
 3.96706e+16	4.52e-01	5.48e-01	3.44e-11
 3.97706e+16	5.20e-01	4.80e-01	3.21e-11
 3.98844e+16	6.03e-01	3.97e-01	2.92e-11
 4.00089e+16	6.99e-01	3.01e-01	2.36e-11
 4.01255e+16	7.83e-01	2.17e-01	1.87e-11
 4.02555e+16	8.58e-01	1.42e-01	1.29e-11
 4.04245e+16	9.23e-01	7.69e-02	7.41e-12
 4.06442e+16	9.66e-01	3.37e-02	3.41e-12
 4.09297e+16	9.88e-01	1.23e-02	1.28e-12
 4.13010e+16	9.96e-01	4.14e-03	4.43e-13
 4.16847e+16	9.98e-01	1.90e-03	0.00e+00
 4.19917e+16	9.99e-01	1.27e-03	0.00e+00
 4.22538e+16	9.99e-01	1.14e-03	0.00e+00
 4.24816e+16	9.99e-01	1.03e-03	0.00e+00
 4.26565e+16	9.99e-01	9.67e-04	0.00e+00
 4.28008e+16	9.99e-01	9.14e-04	0.00e+00
 4.29353e+16	9.99e-01	8.64e-04	0.00e+00
 4.30639e+16	9.99e-01	8.08e-04	0.00e+00
 4.31811e+16	9.99e-01	7.46e-04	0.00e+00
 4.32830e+16	9.99e-01	6.85e-04	0.00e+00
 4.33722e+16	9.99e-01	6.21e-04	0.00e+00
 4.34530e+16	9.99e-01	5.55e-04	0.00e+00
 4.35270e+16	1.00e+00	4.87e-04	0.00e+00
 4.35949e+16	1.00e+00	4.23e-04	0.00e+00
 4.36570e+16	1.00e+00	3.63e-04	0.00e+00
 4.37138e+16	1.00e+00	3.10e-04	0.00e+00
 4.37664e+16	1.00e+00	2.63e-04	0.00e+00
 4.38122e+16	1.00e+00	2.21e-04	0.00e+00
 4.38473e+16	1.00e+00	1.92e-04	0.00e+00
 4.38737e+16	1.00e+00	1.73e-04	0.00e+00
 4.38956e+16	1.00e+00	1.60e-04	0.00e+00
 4.39162e+16	1.00e+00	1.46e-04	0.00e+00
 4.39358e+16	1.00e+00	1.33e-04	0.00e+00
 4.39535e+16	1.00e+00	1.22e-04	0.00e+00
 4.39691e+16	1.00e+00	1.13e-04	0.00e+00
 4.39831e+16	1.00e+00	1.06e-04	0.00e+00
 4.39964e+16	1.00e+00	1.00e-04	0.00e+00
 4.40076e+16	1.00e+00	9.29e-05	0.00e+00
 4.40157e+16	1.00e+00	9.02e-05	0.00e+00
 4.40231e+16	1.00e+00	8.78e-05	0.00e+00
 4.40312e+16	1.00e+00	8.43e-05	0.00e+00
 4.40397e+16	1.00e+00	8.02e-05	0.00e+00
 4.40480e+16	1.00e+00	7.68e-05	0.00e+00
 4.40560e+16	1.00e+00	7.36e-05	0.00e+00
 4.40640e+16	1.00e+00	7.06e-05	0.00e+00
 4.40719e+16	1.00e+00	6.77e-05	0.00e+00
 4.40797e+16	1.00e+00	6.49e-05	0.00e+00
 4.40875e+16	1.00e+00	6.22e-05	0.00e+00
 4.40951e+16	1.00e+00	5.97e-05	0.00e+00
 4.41027e+16	1.00e+00	5.73e-05	0.00e+00
 4.41103e+16	1.00e+00	5.49e-05	0.00e+00
 4.41178e+16	1.00e+00	5.27e-05	0.00e+00
 4.41252e+16	1.00e+00	5.06e-05	0.00e+00
 4.41326e+16	1.00e+00	4.87e-05	0.00e+00
 4.41400e+16	1.00e+00	4.65e-05	0.00e+00
 4.41473e+16	1.00e+00	4.47e-05	0.00e+00
 4.41543e+16	1.00e+00	4.30e-05	0.00e+00
 4.41614e+16	1.00e+00	4.14e-05	0.00e+00
 4.41685e+16	1.00e+00	3.97e-05	0.00e+00
 4.41755e+16	1.00e+00	3.81e-05	0.00e+00
 4.41824e+16	1.00e+00	3.67e-05	0.00e+00
 4.41891e+16	1.00e+00	3.53e-05	0.00e+00
 4.41957e+16	1.00e+00	3.40e-05	0.00e+00
 4.42023e+16	1.00e+00	3.27e-05	0.00e+00
 4.42087e+16	1.00e+00	3.16e-05	0.00e+00
 4.42150e+16	1.00e+00	3.04e-05	0.00e+00
 4.42212e+16	1.00e+00	2.94e-05	0.00e+00
 4.42274e+16	1.00e+00	2.83e-05	0.00e+00
 4.42335e+16	1.00e+00	2.71e-05	0.00e+00
 4.42396e+16	1.00e+00	2.53e-05	0.00e+00
 4.42455e+16	1.00e+00	2.42e-05	0.00e+00
 4.42513e+16	1.00e+00	2.45e-05	0.00e+00
 4.42570e+16	1.00e+00	2.39e-05	0.00e+00
 4.42626e+16	1.00e+00	2.33e-05	0.00e+00
 4.42682e+16	1.00e+00	2.26e-05	0.00e+00
 4.42736e+16	1.00e+00	2.20e-05	0.00e+00
 4.42790e+16	1.00e+00	2.14e-05	0.00e+00
 4.42843e+16	1.00e+00	2.08e-05	0.00e+00
 4.42894e+16	1.00e+00	2.02e-05	0.00e+00
 4.42945e+16	1.00e+00	1.97e-05	0.00e+00
 4.42993e+16	1.00e+00	1.92e-05	0.00e+00
 4.43041e+16	1.00e+00	1.87e-05	0.00e+00
 4.43087e+16	1.00e+00	1.83e-05	0.00e+00
 4.43130e+16	1.00e+00	1.79e-05	0.00e+00
 4.43169e+16	1.00e+00	1.75e-05	0.00e+00
 4.43201e+16	1.00e+00	1.72e-05	0.00e+00
 4.43229e+16	1.00e+00	1.70e-05	0.00e+00
 4.43253e+16	1.00e+00	1.68e-05	0.00e+00
