#depth	He	He+	He+2
 5.34765e+08	1.50e-01	8.49e-01	4.14e-04
 3.20859e+09	1.51e-01	8.49e-01	4.12e-04
 1.39039e+10	1.51e-01	8.49e-01	4.12e-04
 5.66851e+10	1.51e-01	8.48e-01	4.10e-04
 1.35402e+11	1.51e-01	8.49e-01	4.09e-04
 2.37735e+11	1.51e-01	8.48e-01	4.07e-04
 3.70767e+11	1.52e-01	8.48e-01	4.04e-04
 5.43709e+11	1.53e-01	8.47e-01	3.98e-04
 7.68534e+11	1.54e-01	8.45e-01	3.89e-04
 1.06081e+12	1.57e-01	8.43e-01	3.76e-04
 1.44076e+12	1.61e-01	8.39e-01	3.58e-04
 1.93470e+12	1.67e-01	8.32e-01	3.34e-04
 2.57682e+12	1.77e-01	8.23e-01	3.03e-04
 3.41158e+12	1.92e-01	8.07e-01	2.63e-04
 4.38439e+12	2.14e-01	7.86e-01	2.22e-04
 5.37259e+12	2.42e-01	7.57e-01	1.84e-04
 6.26413e+12	2.76e-01	7.24e-01	1.53e-04
 6.99903e+12	3.11e-01	6.89e-01	1.30e-04
 7.61601e+12	3.47e-01	6.53e-01	1.12e-04
 8.16480e+12	3.84e-01	6.16e-01	9.66e-05
 8.67195e+12	4.24e-01	5.76e-01	8.35e-05
 9.14287e+12	4.66e-01	5.34e-01	7.21e-05
 9.58245e+12	5.08e-01	4.92e-01	6.25e-05
 9.99151e+12	5.51e-01	4.49e-01	5.42e-05
 1.03671e+13	5.92e-01	4.08e-01	4.75e-05
 1.06915e+13	6.27e-01	3.73e-01	4.22e-05
 1.09441e+13	6.55e-01	3.45e-01	3.86e-05
 1.11400e+13	6.76e-01	3.24e-01	3.60e-05
 1.13128e+13	6.94e-01	3.06e-01	3.39e-05
 1.14770e+13	7.11e-01	2.89e-01	3.20e-05
 1.16284e+13	7.26e-01	2.74e-01	3.04e-05
 1.17659e+13	7.39e-01	2.61e-01	2.91e-05
 1.18916e+13	7.50e-01	2.50e-01	2.81e-05
 1.20090e+13	7.60e-01	2.40e-01	2.71e-05
 1.21212e+13	7.70e-01	2.30e-01	2.63e-05
 1.22289e+13	7.78e-01	2.22e-01	2.56e-05
 1.23161e+13	7.85e-01	2.15e-01	2.51e-05
 1.23796e+13	7.90e-01	2.10e-01	2.47e-05
 1.24400e+13	7.94e-01	2.06e-01	2.44e-05
 1.25065e+13	7.99e-01	2.01e-01	2.40e-05
 1.25765e+13	8.04e-01	1.96e-01	2.37e-05
 1.26458e+13	8.09e-01	1.91e-01	2.33e-05
 1.27131e+13	8.13e-01	1.87e-01	2.31e-05
 1.27801e+13	8.17e-01	1.83e-01	2.28e-05
 1.28479e+13	8.22e-01	1.78e-01	2.25e-05
 1.29145e+13	8.26e-01	1.74e-01	2.23e-05
 1.29805e+13	8.29e-01	1.71e-01	2.21e-05
 1.30477e+13	8.33e-01	1.67e-01	2.18e-05
 1.31145e+13	8.37e-01	1.63e-01	2.17e-05
 1.31812e+13	8.41e-01	1.59e-01	2.15e-05
 1.32476e+13	8.44e-01	1.56e-01	2.14e-05
 1.33142e+13	8.47e-01	1.53e-01	2.12e-05
 1.33816e+13	8.50e-01	1.50e-01	2.11e-05
 1.34477e+13	8.53e-01	1.47e-01	2.10e-05
 1.35136e+13	8.56e-01	1.44e-01	2.09e-05
 1.35805e+13	8.59e-01	1.41e-01	2.08e-05
 1.36472e+13	8.62e-01	1.38e-01	2.08e-05
 1.37140e+13	8.65e-01	1.35e-01	2.07e-05
 1.37808e+13	8.67e-01	1.33e-01	2.07e-05
 1.38473e+13	8.70e-01	1.30e-01	2.06e-05
 1.39145e+13	8.72e-01	1.28e-01	2.06e-05
 1.39813e+13	8.75e-01	1.25e-01	2.05e-05
 1.40477e+13	8.77e-01	1.23e-01	2.05e-05
 1.41141e+13	8.79e-01	1.21e-01	2.05e-05
 1.41806e+13	8.81e-01	1.19e-01	2.05e-05
 1.42467e+13	8.83e-01	1.17e-01	2.05e-05
 1.43123e+13	8.85e-01	1.15e-01	2.05e-05
 1.43779e+13	8.87e-01	1.12e-01	2.05e-05
 1.44435e+13	8.89e-01	1.11e-01	2.05e-05
 1.45090e+13	8.91e-01	1.09e-01	2.05e-05
 1.45739e+13	8.93e-01	1.07e-01	2.06e-05
 1.46389e+13	8.95e-01	1.05e-01	2.05e-05
 1.47048e+13	8.96e-01	1.04e-01	2.06e-05
 1.47705e+13	8.98e-01	1.02e-01	2.06e-05
 1.48355e+13	9.00e-01	1.00e-01	2.06e-05
 1.49008e+13	9.02e-01	9.85e-02	2.06e-05
 1.49671e+13	9.03e-01	9.69e-02	2.07e-05
 1.50333e+13	9.05e-01	9.53e-02	2.07e-05
 1.50990e+13	9.06e-01	9.38e-02	2.07e-05
 1.51653e+13	9.08e-01	9.22e-02	2.06e-05
 1.52325e+13	9.09e-01	9.07e-02	2.07e-05
 1.52998e+13	9.11e-01	8.92e-02	2.06e-05
 1.53673e+13	9.12e-01	8.77e-02	2.06e-05
 1.54355e+13	9.14e-01	8.62e-02	2.06e-05
 1.55037e+13	9.15e-01	8.48e-02	2.06e-05
 1.55717e+13	9.17e-01	8.34e-02	2.06e-05
 1.56401e+13	9.18e-01	8.20e-02	2.05e-05
 1.57098e+13	9.19e-01	8.05e-02	2.04e-05
 1.57809e+13	9.21e-01	7.91e-02	2.04e-05
 1.58520e+13	9.22e-01	7.76e-02	2.03e-05
 1.59234e+13	9.24e-01	7.63e-02	2.03e-05
 1.59955e+13	9.25e-01	7.49e-02	2.02e-05
 1.60679e+13	9.27e-01	7.34e-02	2.00e-05
 1.61418e+13	9.28e-01	7.20e-02	1.99e-05
 1.62166e+13	9.29e-01	7.06e-02	1.98e-05
 1.62915e+13	9.31e-01	6.92e-02	1.97e-05
 1.63674e+13	9.32e-01	6.78e-02	1.95e-05
 1.64446e+13	9.34e-01	6.64e-02	1.93e-05
 1.65226e+13	9.35e-01	6.49e-02	1.91e-05
 1.66014e+13	9.36e-01	6.36e-02	1.89e-05
 1.66813e+13	9.38e-01	6.22e-02	1.87e-05
 1.67615e+13	9.39e-01	6.08e-02	1.85e-05
 1.68434e+13	9.41e-01	5.93e-02	1.82e-05
 1.69276e+13	9.42e-01	5.79e-02	1.80e-05
 1.70122e+13	9.43e-01	5.65e-02	1.77e-05
 1.70965e+13	9.45e-01	5.51e-02	1.74e-05
 1.71830e+13	9.46e-01	5.37e-02	1.71e-05
 1.72721e+13	9.48e-01	5.23e-02	1.68e-05
 1.73616e+13	9.49e-01	5.08e-02	1.64e-05
 1.74521e+13	9.51e-01	4.94e-02	1.61e-05
 1.75442e+13	9.52e-01	4.80e-02	1.57e-05
 1.76375e+13	9.53e-01	4.66e-02	1.53e-05
 1.77321e+13	9.55e-01	4.53e-02	1.50e-05
 1.78275e+13	9.56e-01	4.39e-02	1.46e-05
 1.79245e+13	9.57e-01	4.26e-02	1.42e-05
 1.80239e+13	9.59e-01	4.12e-02	1.38e-05
 1.81236e+13	9.60e-01	3.99e-02	1.33e-05
 1.82246e+13	9.61e-01	3.86e-02	1.29e-05
 1.83278e+13	9.63e-01	3.73e-02	1.25e-05
 1.84320e+13	9.64e-01	3.61e-02	1.21e-05
 1.85369e+13	9.65e-01	3.49e-02	1.17e-05
 1.86431e+13	9.66e-01	3.37e-02	1.13e-05
 1.87481e+13	9.67e-01	3.26e-02	1.09e-05
 1.88535e+13	9.69e-01	3.14e-02	1.05e-05
 1.89622e+13	9.70e-01	3.04e-02	1.01e-05
 1.90712e+13	9.71e-01	2.93e-02	9.73e-06
 1.91796e+13	9.72e-01	2.83e-02	9.35e-06
 1.92893e+13	9.73e-01	2.73e-02	8.99e-06
 1.93996e+13	9.74e-01	2.64e-02	8.63e-06
 1.95090e+13	9.75e-01	2.55e-02	8.28e-06
 1.96188e+13	9.75e-01	2.46e-02	7.94e-06
 1.97290e+13	9.76e-01	2.38e-02	7.62e-06
 1.98383e+13	9.77e-01	2.30e-02	7.31e-06
 1.99464e+13	9.78e-01	2.22e-02	7.01e-06
 2.00538e+13	9.78e-01	2.16e-02	6.72e-06
 2.01601e+13	9.79e-01	2.09e-02	6.45e-06
