#depth	O	O+	O+2	O+3	O+4	O+5	O+6	O+7	O+8	O[1]	O[2]	O[3]
 7.79096e+09	3.11e-03	6.00e-01	3.97e-01	3.93e-04	0.00e+00	0.00e+00	0.00e+00	0.00e+00	0.00e+00	1.81e-03	9.60e-04	3.27e-04
 4.67458e+10	3.11e-03	6.00e-01	3.97e-01	3.93e-04	4.49e-10	0.00e+00	0.00e+00	0.00e+00	0.00e+00	1.81e-03	9.60e-04	3.28e-04
 2.02565e+11	3.11e-03	6.00e-01	3.97e-01	3.92e-04	0.00e+00	0.00e+00	0.00e+00	0.00e+00	0.00e+00	1.81e-03	9.60e-04	3.28e-04
 8.25842e+11	3.10e-03	6.00e-01	3.97e-01	3.88e-04	0.00e+00	0.00e+00	0.00e+00	0.00e+00	0.00e+00	1.81e-03	9.59e-04	3.27e-04
 1.97267e+12	3.09e-03	5.99e-01	3.98e-01	3.83e-04	0.00e+00	0.00e+00	0.00e+00	0.00e+00	0.00e+00	1.80e-03	9.53e-04	3.25e-04
 3.46355e+12	3.06e-03	5.98e-01	3.99e-01	3.78e-04	0.00e+00	0.00e+00	0.00e+00	0.00e+00	0.00e+00	1.78e-03	9.46e-04	3.23e-04
 5.40169e+12	3.04e-03	5.97e-01	3.99e-01	3.69e-04	0.00e+00	0.00e+00	0.00e+00	0.00e+00	0.00e+00	1.77e-03	9.39e-04	3.21e-04
 7.92128e+12	3.02e-03	5.97e-01	4.00e-01	3.58e-04	0.00e+00	0.00e+00	0.00e+00	0.00e+00	0.00e+00	1.76e-03	9.32e-04	3.18e-04
 1.11967e+13	2.99e-03	5.96e-01	4.00e-01	3.44e-04	0.00e+00	0.00e+00	0.00e+00	0.00e+00	0.00e+00	1.74e-03	9.24e-04	3.16e-04
 1.54548e+13	2.96e-03	5.96e-01	4.01e-01	3.25e-04	0.00e+00	0.00e+00	0.00e+00	0.00e+00	0.00e+00	1.72e-03	9.16e-04	3.13e-04
 2.09904e+13	2.94e-03	5.96e-01	4.01e-01	3.01e-04	0.00e+00	0.00e+00	0.00e+00	0.00e+00	0.00e+00	1.71e-03	9.08e-04	3.10e-04
 2.81865e+13	2.91e-03	5.96e-01	4.01e-01	2.71e-04	0.00e+00	0.00e+00	0.00e+00	0.00e+00	0.00e+00	1.70e-03	9.00e-04	3.07e-04
 3.75416e+13	2.89e-03	5.97e-01	4.00e-01	2.36e-04	0.00e+00	0.00e+00	0.00e+00	0.00e+00	0.00e+00	1.68e-03	8.94e-04	3.05e-04
 4.97031e+13	2.88e-03	5.99e-01	3.98e-01	1.96e-04	0.00e+00	0.00e+00	0.00e+00	0.00e+00	0.00e+00	1.68e-03	8.90e-04	3.04e-04
 6.55132e+13	2.88e-03	6.03e-01	3.94e-01	1.52e-04	0.00e+00	0.00e+00	0.00e+00	0.00e+00	0.00e+00	1.68e-03	8.91e-04	3.04e-04
 8.60662e+13	2.91e-03	6.09e-01	3.88e-01	1.09e-04	0.00e+00	0.00e+00	0.00e+00	0.00e+00	0.00e+00	1.69e-03	8.97e-04	3.07e-04
 1.12785e+14	2.96e-03	6.17e-01	3.80e-01	7.04e-05	0.00e+00	0.00e+00	0.00e+00	0.00e+00	0.00e+00	1.72e-03	9.13e-04	3.12e-04
 1.47520e+14	3.06e-03	6.29e-01	3.68e-01	3.98e-05	0.00e+00	0.00e+00	0.00e+00	0.00e+00	0.00e+00	1.78e-03	9.44e-04	3.23e-04
 1.92675e+14	3.22e-03	6.45e-01	3.52e-01	1.91e-05	0.00e+00	0.00e+00	0.00e+00	0.00e+00	0.00e+00	1.88e-03	9.95e-04	3.41e-04
 2.51376e+14	3.51e-03	6.67e-01	3.29e-01	7.58e-06	0.00e+00	0.00e+00	0.00e+00	0.00e+00	0.00e+00	2.04e-03	1.08e-03	3.71e-04
 2.98783e+14	3.67e-03	6.82e-01	3.14e-01	3.84e-06	0.00e+00	0.00e+00	0.00e+00	0.00e+00	0.00e+00	2.14e-03	1.13e-03	3.89e-04
 3.28661e+14	3.88e-03	6.95e-01	3.01e-01	2.51e-06	0.00e+00	0.00e+00	0.00e+00	0.00e+00	0.00e+00	2.26e-03	1.20e-03	4.10e-04
 3.61528e+14	4.14e-03	7.09e-01	2.86e-01	1.62e-06	0.00e+00	0.00e+00	0.00e+00	0.00e+00	0.00e+00	2.41e-03	1.28e-03	4.38e-04
 3.97680e+14	4.47e-03	7.26e-01	2.69e-01	1.03e-06	0.00e+00	0.00e+00	0.00e+00	0.00e+00	0.00e+00	2.60e-03	1.38e-03	4.73e-04
 4.37448e+14	4.89e-03	7.46e-01	2.50e-01	6.54e-07	0.00e+00	0.00e+00	0.00e+00	0.00e+00	0.00e+00	2.85e-03	1.51e-03	5.18e-04
 4.81193e+14	5.46e-03	7.68e-01	2.27e-01	0.00e+00	0.00e+00	0.00e+00	0.00e+00	0.00e+00	0.00e+00	3.18e-03	1.69e-03	5.78e-04
 5.29313e+14	6.23e-03	7.93e-01	2.00e-01	0.00e+00	0.00e+00	0.00e+00	0.00e+00	0.00e+00	0.00e+00	3.63e-03	1.92e-03	6.60e-04
 5.74573e+14	7.13e-03	8.18e-01	1.75e-01	0.00e+00	0.00e+00	0.00e+00	0.00e+00	0.00e+00	0.00e+00	4.15e-03	2.20e-03	7.54e-04
 6.10594e+14	8.02e-03	8.38e-01	1.54e-01	0.00e+00	0.00e+00	0.00e+00	0.00e+00	0.00e+00	0.00e+00	4.67e-03	2.47e-03	8.49e-04
 6.41314e+14	8.94e-03	8.55e-01	1.36e-01	0.00e+00	0.00e+00	0.00e+00	0.00e+00	0.00e+00	0.00e+00	5.21e-03	2.76e-03	9.46e-04
 6.75249e+14	1.02e-02	8.74e-01	1.15e-01	0.00e+00	0.00e+00	0.00e+00	0.00e+00	0.00e+00	0.00e+00	5.94e-03	3.14e-03	1.08e-03
 7.10671e+14	1.18e-02	8.94e-01	9.46e-02	0.00e+00	0.00e+00	0.00e+00	0.00e+00	0.00e+00	0.00e+00	6.87e-03	3.64e-03	1.25e-03
 7.40059e+14	1.35e-02	9.09e-01	7.74e-02	0.00e+00	0.00e+00	0.00e+00	0.00e+00	0.00e+00	0.00e+00	7.87e-03	4.17e-03	1.43e-03
 7.64756e+14	1.53e-02	9.21e-01	6.34e-02	0.00e+00	0.00e+00	0.00e+00	0.00e+00	0.00e+00	0.00e+00	8.92e-03	4.72e-03	1.62e-03
 7.86916e+14	1.73e-02	9.31e-01	5.15e-02	0.00e+00	0.00e+00	0.00e+00	0.00e+00	0.00e+00	0.00e+00	1.01e-02	5.32e-03	1.83e-03
 8.07227e+14	1.94e-02	9.39e-01	4.11e-02	0.00e+00	0.00e+00	0.00e+00	0.00e+00	0.00e+00	0.00e+00	1.13e-02	5.98e-03	2.05e-03
 8.25563e+14	2.17e-02	9.46e-01	3.24e-02	0.00e+00	0.00e+00	0.00e+00	0.00e+00	0.00e+00	0.00e+00	1.27e-02	6.70e-03	2.30e-03
 8.41848e+14	2.42e-02	9.50e-01	2.53e-02	0.00e+00	0.00e+00	0.00e+00	0.00e+00	0.00e+00	0.00e+00	1.41e-02	7.47e-03	2.56e-03
 8.56181e+14	2.68e-02	9.54e-01	1.97e-02	0.00e+00	0.00e+00	0.00e+00	0.00e+00	0.00e+00	0.00e+00	1.56e-02	8.27e-03	2.84e-03
 8.69007e+14	2.96e-02	9.55e-01	1.51e-02	0.00e+00	0.00e+00	0.00e+00	0.00e+00	0.00e+00	0.00e+00	1.72e-02	9.12e-03	3.13e-03
 8.80835e+14	3.25e-02	9.56e-01	1.15e-02	0.00e+00	0.00e+00	0.00e+00	0.00e+00	0.00e+00	0.00e+00	1.89e-02	1.00e-02	3.44e-03
 8.91866e+14	3.57e-02	9.56e-01	8.56e-03	0.00e+00	0.00e+00	0.00e+00	0.00e+00	0.00e+00	0.00e+00	2.08e-02	1.10e-02	3.78e-03
 9.02367e+14	3.92e-02	9.55e-01	6.26e-03	0.00e+00	0.00e+00	0.00e+00	0.00e+00	0.00e+00	0.00e+00	2.29e-02	1.21e-02	4.15e-03
 9.12619e+14	4.31e-02	9.52e-01	4.47e-03	0.00e+00	0.00e+00	0.00e+00	0.00e+00	0.00e+00	0.00e+00	2.51e-02	1.33e-02	4.56e-03
 9.22784e+14	4.77e-02	9.49e-01	3.09e-03	0.00e+00	0.00e+00	0.00e+00	0.00e+00	0.00e+00	0.00e+00	2.78e-02	1.47e-02	5.05e-03
 9.34432e+14	5.40e-02	9.44e-01	1.95e-03	0.00e+00	0.00e+00	0.00e+00	0.00e+00	0.00e+00	0.00e+00	3.15e-02	1.66e-02	5.71e-03
 9.47585e+14	6.28e-02	9.36e-01	1.12e-03	0.00e+00	0.00e+00	0.00e+00	0.00e+00	0.00e+00	0.00e+00	3.66e-02	1.94e-02	6.65e-03
 9.60445e+14	7.43e-02	9.25e-01	6.33e-04	0.00e+00	0.00e+00	0.00e+00	0.00e+00	0.00e+00	0.00e+00	4.33e-02	2.29e-02	7.86e-03
 9.71896e+14	8.81e-02	9.12e-01	3.71e-04	0.00e+00	0.00e+00	0.00e+00	0.00e+00	0.00e+00	0.00e+00	5.14e-02	2.71e-02	9.32e-03
 9.81197e+14	1.03e-01	8.97e-01	2.36e-04	0.00e+00	0.00e+00	0.00e+00	0.00e+00	0.00e+00	0.00e+00	6.00e-02	3.16e-02	1.09e-02
 9.89033e+14	1.18e-01	8.82e-01	1.58e-04	0.00e+00	0.00e+00	0.00e+00	0.00e+00	0.00e+00	0.00e+00	6.90e-02	3.63e-02	1.25e-02
 9.96354e+14	1.36e-01	8.63e-01	1.07e-04	0.00e+00	0.00e+00	0.00e+00	0.00e+00	0.00e+00	0.00e+00	7.98e-02	4.19e-02	1.44e-02
 1.00342e+15	1.58e-01	8.41e-01	7.21e-05	0.00e+00	0.00e+00	0.00e+00	0.00e+00	0.00e+00	0.00e+00	9.27e-02	4.86e-02	1.68e-02
 1.00998e+15	1.84e-01	8.16e-01	4.89e-05	0.00e+00	0.00e+00	0.00e+00	0.00e+00	0.00e+00	0.00e+00	1.08e-01	5.64e-02	1.95e-02
 1.01590e+15	2.13e-01	7.87e-01	3.38e-05	0.00e+00	0.00e+00	0.00e+00	0.00e+00	0.00e+00	0.00e+00	1.25e-01	6.53e-02	2.26e-02
 1.02124e+15	2.46e-01	7.54e-01	2.36e-05	0.00e+00	0.00e+00	0.00e+00	0.00e+00	0.00e+00	0.00e+00	1.44e-01	7.50e-02	2.60e-02
 1.02619e+15	2.82e-01	7.18e-01	1.66e-05	0.00e+00	0.00e+00	0.00e+00	0.00e+00	0.00e+00	0.00e+00	1.66e-01	8.59e-02	2.99e-02
 1.03083e+15	3.23e-01	6.77e-01	1.17e-05	0.00e+00	0.00e+00	0.00e+00	0.00e+00	0.00e+00	0.00e+00	1.90e-01	9.80e-02	3.42e-02
 1.03481e+15	3.63e-01	6.37e-01	8.55e-06	0.00e+00	0.00e+00	0.00e+00	0.00e+00	0.00e+00	0.00e+00	2.14e-01	1.10e-01	3.84e-02
 1.03785e+15	3.98e-01	6.02e-01	6.65e-06	0.00e+00	0.00e+00	0.00e+00	0.00e+00	0.00e+00	0.00e+00	2.35e-01	1.20e-01	4.21e-02
 1.04018e+15	4.27e-01	5.73e-01	5.43e-06	0.00e+00	0.00e+00	0.00e+00	0.00e+00	0.00e+00	0.00e+00	2.53e-01	1.28e-01	4.51e-02
 1.04222e+15	4.53e-01	5.47e-01	4.52e-06	0.00e+00	0.00e+00	0.00e+00	0.00e+00	0.00e+00	0.00e+00	2.69e-01	1.36e-01	4.79e-02
 1.04414e+15	4.79e-01	5.21e-01	3.80e-06	0.00e+00	0.00e+00	0.00e+00	0.00e+00	0.00e+00	0.00e+00	2.85e-01	1.43e-01	5.06e-02
 1.04589e+15	5.04e-01	4.96e-01	3.21e-06	0.00e+00	0.00e+00	0.00e+00	0.00e+00	0.00e+00	0.00e+00	3.00e-01	1.50e-01	5.32e-02
 1.04751e+15	5.27e-01	4.73e-01	2.75e-06	0.00e+00	0.00e+00	0.00e+00	0.00e+00	0.00e+00	0.00e+00	3.14e-01	1.56e-01	5.56e-02
 1.04899e+15	5.49e-01	4.51e-01	2.38e-06	0.00e+00	0.00e+00	0.00e+00	0.00e+00	0.00e+00	0.00e+00	3.28e-01	1.62e-01	5.79e-02
 1.05035e+15	5.69e-01	4.31e-01	2.08e-06	0.00e+00	0.00e+00	0.00e+00	0.00e+00	0.00e+00	0.00e+00	3.41e-01	1.68e-01	6.00e-02
 1.05163e+15	5.89e-01	4.11e-01	1.83e-06	0.00e+00	0.00e+00	0.00e+00	0.00e+00	0.00e+00	0.00e+00	3.53e-01	1.73e-01	6.20e-02
 1.05265e+15	6.03e-01	3.97e-01	1.66e-06	0.00e+00	0.00e+00	0.00e+00	0.00e+00	0.00e+00	0.00e+00	3.62e-01	1.77e-01	6.34e-02
 1.05340e+15	6.14e-01	3.86e-01	1.53e-06	0.00e+00	0.00e+00	0.00e+00	0.00e+00	0.00e+00	0.00e+00	3.70e-01	1.80e-01	6.46e-02
 1.05413e+15	6.25e-01	3.75e-01	1.42e-06	0.00e+00	0.00e+00	0.00e+00	0.00e+00	0.00e+00	0.00e+00	3.77e-01	1.82e-01	6.57e-02
 1.05492e+15	6.38e-01	3.62e-01	1.31e-06	0.00e+00	0.00e+00	0.00e+00	0.00e+00	0.00e+00	0.00e+00	3.85e-01	1.86e-01	6.70e-02
 1.05574e+15	6.50e-01	3.50e-01	1.20e-06	0.00e+00	0.00e+00	0.00e+00	0.00e+00	0.00e+00	0.00e+00	3.92e-01	1.89e-01	6.82e-02
 1.05654e+15	6.62e-01	3.38e-01	1.10e-06	0.00e+00	0.00e+00	0.00e+00	0.00e+00	0.00e+00	0.00e+00	4.00e-01	1.92e-01	6.94e-02
 1.05732e+15	6.73e-01	3.27e-01	1.01e-06	0.00e+00	0.00e+00	0.00e+00	0.00e+00	0.00e+00	0.00e+00	4.08e-01	1.94e-01	7.05e-02
 1.05809e+15	6.85e-01	3.15e-01	9.32e-07	0.00e+00	0.00e+00	0.00e+00	0.00e+00	0.00e+00	0.00e+00	4.15e-01	1.97e-01	7.16e-02
 1.05885e+15	6.95e-01	3.05e-01	0.00e+00	0.00e+00	0.00e+00	0.00e+00	0.00e+00	0.00e+00	0.00e+00	4.23e-01	2.00e-01	7.27e-02
 1.05962e+15	7.06e-01	2.94e-01	0.00e+00	0.00e+00	0.00e+00	0.00e+00	0.00e+00	0.00e+00	0.00e+00	4.30e-01	2.02e-01	7.38e-02
 1.06039e+15	7.17e-01	2.83e-01	0.00e+00	0.00e+00	0.00e+00	0.00e+00	0.00e+00	0.00e+00	0.00e+00	4.38e-01	2.05e-01	7.48e-02
 1.06113e+15	7.28e-01	2.72e-01	0.00e+00	0.00e+00	0.00e+00	0.00e+00	0.00e+00	0.00e+00	0.00e+00	4.45e-01	2.07e-01	7.58e-02
 1.06187e+15	7.37e-01	2.63e-01	0.00e+00	0.00e+00	0.00e+00	0.00e+00	0.00e+00	0.00e+00	0.00e+00	4.51e-01	2.09e-01	7.67e-02
 1.06261e+15	7.48e-01	2.52e-01	0.00e+00	0.00e+00	0.00e+00	0.00e+00	0.00e+00	0.00e+00	0.00e+00	4.59e-01	2.11e-01	7.77e-02
 1.06335e+15	7.57e-01	2.43e-01	0.00e+00	0.00e+00	0.00e+00	0.00e+00	0.00e+00	0.00e+00	0.00e+00	4.65e-01	2.13e-01	7.86e-02
 1.06408e+15	7.67e-01	2.33e-01	0.00e+00	0.00e+00	0.00e+00	0.00e+00	0.00e+00	0.00e+00	0.00e+00	4.72e-01	2.15e-01	7.94e-02
 1.06481e+15	7.76e-01	2.24e-01	0.00e+00	0.00e+00	0.00e+00	0.00e+00	0.00e+00	0.00e+00	0.00e+00	4.79e-01	2.17e-01	8.03e-02
 1.06553e+15	7.85e-01	2.15e-01	0.00e+00	0.00e+00	0.00e+00	0.00e+00	0.00e+00	0.00e+00	0.00e+00	4.85e-01	2.18e-01	8.11e-02
 1.06624e+15	7.93e-01	2.07e-01	0.00e+00	0.00e+00	0.00e+00	0.00e+00	0.00e+00	0.00e+00	0.00e+00	4.91e-01	2.20e-01	8.18e-02
 1.06696e+15	8.02e-01	1.98e-01	0.00e+00	0.00e+00	0.00e+00	0.00e+00	0.00e+00	0.00e+00	0.00e+00	4.98e-01	2.21e-01	8.25e-02
 1.06768e+15	8.10e-01	1.90e-01	0.00e+00	0.00e+00	0.00e+00	0.00e+00	0.00e+00	0.00e+00	0.00e+00	5.03e-01	2.23e-01	8.32e-02
 1.06837e+15	8.18e-01	1.82e-01	0.00e+00	0.00e+00	0.00e+00	0.00e+00	0.00e+00	0.00e+00	0.00e+00	5.09e-01	2.24e-01	8.38e-02
 1.06906e+15	8.25e-01	1.75e-01	0.00e+00	0.00e+00	0.00e+00	0.00e+00	0.00e+00	0.00e+00	0.00e+00	5.15e-01	2.25e-01	8.44e-02
 1.06973e+15	8.32e-01	1.68e-01	0.00e+00	0.00e+00	0.00e+00	0.00e+00	0.00e+00	0.00e+00	0.00e+00	5.21e-01	2.26e-01	8.49e-02
 1.07041e+15	8.39e-01	1.61e-01	0.00e+00	0.00e+00	0.00e+00	0.00e+00	0.00e+00	0.00e+00	0.00e+00	5.26e-01	2.27e-01	8.55e-02
 1.07108e+15	8.45e-01	1.55e-01	0.00e+00	0.00e+00	0.00e+00	0.00e+00	0.00e+00	0.00e+00	0.00e+00	5.31e-01	2.28e-01	8.59e-02
 1.07175e+15	8.52e-01	1.48e-01	0.00e+00	0.00e+00	0.00e+00	0.00e+00	0.00e+00	0.00e+00	0.00e+00	5.37e-01	2.29e-01	8.64e-02
 1.07241e+15	8.58e-01	1.42e-01	0.00e+00	0.00e+00	0.00e+00	0.00e+00	0.00e+00	0.00e+00	0.00e+00	5.42e-01	2.29e-01	8.68e-02
 1.07305e+15	8.64e-01	1.36e-01	0.00e+00	0.00e+00	0.00e+00	0.00e+00	0.00e+00	0.00e+00	0.00e+00	5.46e-01	2.30e-01	8.71e-02
 1.07369e+15	8.69e-01	1.31e-01	0.00e+00	0.00e+00	0.00e+00	0.00e+00	0.00e+00	0.00e+00	0.00e+00	5.51e-01	2.31e-01	8.75e-02
 1.07433e+15	8.74e-01	1.26e-01	0.00e+00	0.00e+00	0.00e+00	0.00e+00	0.00e+00	0.00e+00	0.00e+00	5.56e-01	2.31e-01	8.78e-02
 1.07496e+15	8.80e-01	1.20e-01	0.00e+00	0.00e+00	0.00e+00	0.00e+00	0.00e+00	0.00e+00	0.00e+00	5.60e-01	2.31e-01	8.80e-02
 1.07558e+15	8.84e-01	1.16e-01	0.00e+00	0.00e+00	0.00e+00	0.00e+00	0.00e+00	0.00e+00	0.00e+00	5.64e-01	2.32e-01	8.83e-02
 1.07619e+15	8.89e-01	1.11e-01	0.00e+00	0.00e+00	0.00e+00	0.00e+00	0.00e+00	0.00e+00	0.00e+00	5.68e-01	2.32e-01	8.85e-02
 1.07681e+15	8.94e-01	1.06e-01	0.00e+00	0.00e+00	0.00e+00	0.00e+00	0.00e+00	0.00e+00	0.00e+00	5.73e-01	2.32e-01	8.87e-02
 1.07742e+15	8.98e-01	1.02e-01	0.00e+00	0.00e+00	0.00e+00	0.00e+00	0.00e+00	0.00e+00	0.00e+00	5.76e-01	2.32e-01	8.89e-02
 1.07802e+15	9.02e-01	9.81e-02	0.00e+00	0.00e+00	0.00e+00	0.00e+00	0.00e+00	0.00e+00	0.00e+00	5.80e-01	2.33e-01	8.91e-02
 1.07862e+15	9.06e-01	9.41e-02	0.00e+00	0.00e+00	0.00e+00	0.00e+00	0.00e+00	0.00e+00	0.00e+00	5.84e-01	2.33e-01	8.92e-02
 1.07921e+15	9.10e-01	9.03e-02	0.00e+00	0.00e+00	0.00e+00	0.00e+00	0.00e+00	0.00e+00	0.00e+00	5.88e-01	2.33e-01	8.93e-02
 1.07981e+15	9.13e-01	8.67e-02	0.00e+00	0.00e+00	0.00e+00	0.00e+00	0.00e+00	0.00e+00	0.00e+00	5.91e-01	2.33e-01	8.94e-02
 1.08040e+15	9.17e-01	8.32e-02	0.00e+00	0.00e+00	0.00e+00	0.00e+00	0.00e+00	0.00e+00	0.00e+00	5.95e-01	2.33e-01	8.95e-02
 1.08098e+15	9.20e-01	7.98e-02	0.00e+00	0.00e+00	0.00e+00	0.00e+00	0.00e+00	0.00e+00	0.00e+00	5.98e-01	2.33e-01	8.96e-02
 1.08156e+15	9.23e-01	7.66e-02	0.00e+00	0.00e+00	0.00e+00	0.00e+00	0.00e+00	0.00e+00	0.00e+00	6.01e-01	2.33e-01	8.97e-02
 1.08214e+15	9.26e-01	7.36e-02	0.00e+00	0.00e+00	0.00e+00	0.00e+00	0.00e+00	0.00e+00	0.00e+00	6.04e-01	2.33e-01	8.97e-02
 1.08272e+15	9.29e-01	7.06e-02	0.00e+00	0.00e+00	0.00e+00	0.00e+00	0.00e+00	0.00e+00	0.00e+00	6.07e-01	2.32e-01	8.98e-02
 1.08330e+15	9.32e-01	6.77e-02	0.00e+00	0.00e+00	0.00e+00	0.00e+00	0.00e+00	0.00e+00	0.00e+00	6.10e-01	2.32e-01	8.98e-02
 1.08387e+15	9.35e-01	6.50e-02	0.00e+00	0.00e+00	0.00e+00	0.00e+00	0.00e+00	0.00e+00	0.00e+00	6.13e-01	2.32e-01	8.98e-02
 1.08444e+15	9.38e-01	6.23e-02	0.00e+00	0.00e+00	0.00e+00	0.00e+00	0.00e+00	0.00e+00	0.00e+00	6.16e-01	2.32e-01	8.98e-02
 1.08500e+15	9.40e-01	5.99e-02	0.00e+00	0.00e+00	0.00e+00	0.00e+00	0.00e+00	0.00e+00	0.00e+00	6.19e-01	2.32e-01	8.98e-02
 1.08557e+15	9.43e-01	5.75e-02	0.00e+00	0.00e+00	0.00e+00	0.00e+00	0.00e+00	0.00e+00	0.00e+00	6.21e-01	2.31e-01	8.98e-02
 1.08613e+15	9.45e-01	5.52e-02	0.00e+00	0.00e+00	0.00e+00	0.00e+00	0.00e+00	0.00e+00	0.00e+00	6.24e-01	2.31e-01	8.97e-02
 1.08668e+15	9.47e-01	5.29e-02	0.00e+00	0.00e+00	0.00e+00	0.00e+00	0.00e+00	0.00e+00	0.00e+00	6.26e-01	2.31e-01	8.97e-02
 1.08724e+15	9.49e-01	5.08e-02	0.00e+00	0.00e+00	0.00e+00	0.00e+00	0.00e+00	0.00e+00	0.00e+00	6.29e-01	2.31e-01	8.97e-02
 1.08780e+15	9.51e-01	4.87e-02	0.00e+00	0.00e+00	0.00e+00	0.00e+00	0.00e+00	0.00e+00	0.00e+00	6.31e-01	2.31e-01	8.96e-02
 1.08836e+15	9.53e-01	4.68e-02	0.00e+00	0.00e+00	0.00e+00	0.00e+00	0.00e+00	0.00e+00	0.00e+00	6.33e-01	2.30e-01	8.95e-02
 1.08890e+15	9.55e-01	4.49e-02	0.00e+00	0.00e+00	0.00e+00	0.00e+00	0.00e+00	0.00e+00	0.00e+00	6.36e-01	2.30e-01	8.95e-02
 1.08944e+15	9.57e-01	4.31e-02	0.00e+00	0.00e+00	0.00e+00	0.00e+00	0.00e+00	0.00e+00	0.00e+00	6.38e-01	2.30e-01	8.94e-02
 1.08999e+15	9.59e-01	4.13e-02	0.00e+00	0.00e+00	0.00e+00	0.00e+00	0.00e+00	0.00e+00	0.00e+00	6.40e-01	2.29e-01	8.93e-02
 1.09054e+15	9.60e-01	3.96e-02	0.00e+00	0.00e+00	0.00e+00	0.00e+00	0.00e+00	0.00e+00	0.00e+00	6.42e-01	2.29e-01	8.92e-02
 1.09107e+15	9.62e-01	3.80e-02	0.00e+00	0.00e+00	0.00e+00	0.00e+00	0.00e+00	0.00e+00	0.00e+00	6.44e-01	2.29e-01	8.92e-02
 1.09160e+15	9.64e-01	3.64e-02	0.00e+00	0.00e+00	0.00e+00	0.00e+00	0.00e+00	0.00e+00	0.00e+00	6.46e-01	2.28e-01	8.91e-02
 1.09213e+15	9.65e-01	3.50e-02	0.00e+00	0.00e+00	0.00e+00	0.00e+00	0.00e+00	0.00e+00	0.00e+00	6.48e-01	2.28e-01	8.90e-02
 1.09265e+15	9.66e-01	3.35e-02	0.00e+00	0.00e+00	0.00e+00	0.00e+00	0.00e+00	0.00e+00	0.00e+00	6.50e-01	2.28e-01	8.88e-02
 1.09317e+15	9.68e-01	3.21e-02	0.00e+00	0.00e+00	0.00e+00	0.00e+00	0.00e+00	0.00e+00	0.00e+00	6.52e-01	2.27e-01	8.87e-02
 1.09369e+15	9.69e-01	3.08e-02	0.00e+00	0.00e+00	0.00e+00	0.00e+00	0.00e+00	0.00e+00	0.00e+00	6.54e-01	2.27e-01	8.86e-02
 1.09420e+15	9.70e-01	2.95e-02	0.00e+00	0.00e+00	0.00e+00	0.00e+00	0.00e+00	0.00e+00	0.00e+00	6.55e-01	2.27e-01	8.84e-02
 1.09470e+15	9.72e-01	2.83e-02	0.00e+00	0.00e+00	0.00e+00	0.00e+00	0.00e+00	0.00e+00	0.00e+00	6.57e-01	2.26e-01	8.83e-02
 1.09519e+15	9.73e-01	2.71e-02	0.00e+00	0.00e+00	0.00e+00	0.00e+00	0.00e+00	0.00e+00	0.00e+00	6.59e-01	2.26e-01	8.81e-02
 1.09567e+15	9.74e-01	2.60e-02	0.00e+00	0.00e+00	0.00e+00	0.00e+00	0.00e+00	0.00e+00	0.00e+00	6.61e-01	2.25e-01	8.79e-02
 1.09615e+15	9.75e-01	2.49e-02	0.00e+00	0.00e+00	0.00e+00	0.00e+00	0.00e+00	0.00e+00	0.00e+00	6.62e-01	2.25e-01	8.77e-02
 1.09661e+15	9.76e-01	2.38e-02	0.00e+00	0.00e+00	0.00e+00	0.00e+00	0.00e+00	0.00e+00	0.00e+00	6.64e-01	2.24e-01	8.75e-02
 1.09706e+15	9.77e-01	2.28e-02	0.00e+00	0.00e+00	0.00e+00	0.00e+00	0.00e+00	0.00e+00	0.00e+00	6.66e-01	2.24e-01	8.73e-02
 1.09748e+15	9.78e-01	2.18e-02	0.00e+00	0.00e+00	0.00e+00	0.00e+00	0.00e+00	0.00e+00	0.00e+00	6.68e-01	2.23e-01	8.70e-02
