#depth	O	O+	O+2	O+3	O+4	O+5	O+6	O+7	O+8	O[1]	O[2]	O[3]
 5.41560e+08	5.24e-02	9.36e-01	1.12e-02	0.00e+00	0.00e+00	0.00e+00	0.00e+00	0.00e+00	0.00e+00	2.91e-02	1.68e-02	5.50e-03
 3.24936e+09	5.25e-02	9.36e-01	1.12e-02	1.91e-07	0.00e+00	0.00e+00	0.00e+00	0.00e+00	0.00e+00	2.92e-02	1.68e-02	5.52e-03
 1.40806e+10	5.25e-02	9.36e-01	1.12e-02	0.00e+00	0.00e+00	0.00e+00	0.00e+00	0.00e+00	0.00e+00	2.91e-02	1.68e-02	5.51e-03
 5.74054e+10	5.24e-02	9.36e-01	1.12e-02	0.00e+00	0.00e+00	0.00e+00	0.00e+00	0.00e+00	0.00e+00	2.91e-02	1.68e-02	5.50e-03
 1.37123e+11	5.14e-02	9.37e-01	1.13e-02	0.00e+00	0.00e+00	0.00e+00	0.00e+00	0.00e+00	0.00e+00	2.86e-02	1.65e-02	5.40e-03
 2.40756e+11	5.05e-02	9.38e-01	1.14e-02	1.94e-07	0.00e+00	0.00e+00	0.00e+00	0.00e+00	0.00e+00	2.81e-02	1.62e-02	5.31e-03
 3.75479e+11	4.99e-02	9.39e-01	1.15e-02	0.00e+00	0.00e+00	0.00e+00	0.00e+00	0.00e+00	0.00e+00	2.77e-02	1.60e-02	5.24e-03
 5.50619e+11	4.93e-02	9.39e-01	1.15e-02	0.00e+00	0.00e+00	0.00e+00	0.00e+00	0.00e+00	0.00e+00	2.74e-02	1.58e-02	5.18e-03
 7.78300e+11	4.89e-02	9.40e-01	1.14e-02	0.00e+00	0.00e+00	0.00e+00	0.00e+00	0.00e+00	0.00e+00	2.72e-02	1.57e-02	5.15e-03
 1.07429e+12	4.88e-02	9.40e-01	1.11e-02	0.00e+00	0.00e+00	0.00e+00	0.00e+00	0.00e+00	0.00e+00	2.71e-02	1.56e-02	5.14e-03
 1.45907e+12	4.92e-02	9.40e-01	1.07e-02	0.00e+00	0.00e+00	0.00e+00	0.00e+00	0.00e+00	0.00e+00	2.74e-02	1.58e-02	5.18e-03
 1.95928e+12	5.02e-02	9.40e-01	1.01e-02	0.00e+00	0.00e+00	0.00e+00	0.00e+00	0.00e+00	0.00e+00	2.79e-02	1.61e-02	5.29e-03
 2.60957e+12	5.23e-02	9.38e-01	9.20e-03	0.00e+00	0.00e+00	0.00e+00	0.00e+00	0.00e+00	0.00e+00	2.91e-02	1.68e-02	5.51e-03
 3.45493e+12	5.63e-02	9.36e-01	7.94e-03	0.00e+00	0.00e+00	0.00e+00	0.00e+00	0.00e+00	0.00e+00	3.14e-02	1.81e-02	5.94e-03
 4.44102e+12	6.27e-02	9.31e-01	6.49e-03	0.00e+00	0.00e+00	0.00e+00	0.00e+00	0.00e+00	0.00e+00	3.50e-02	2.01e-02	6.61e-03
 5.43193e+12	7.18e-02	9.23e-01	5.09e-03	0.00e+00	0.00e+00	0.00e+00	0.00e+00	0.00e+00	0.00e+00	4.00e-02	2.31e-02	7.57e-03
 6.32923e+12	8.37e-02	9.12e-01	3.90e-03	0.00e+00	0.00e+00	0.00e+00	0.00e+00	0.00e+00	0.00e+00	4.67e-02	2.69e-02	8.83e-03
 7.08422e+12	9.78e-02	8.99e-01	2.98e-03	0.00e+00	0.00e+00	0.00e+00	0.00e+00	0.00e+00	0.00e+00	5.46e-02	3.14e-02	1.03e-02
 7.71498e+12	1.14e-01	8.84e-01	2.29e-03	0.00e+00	0.00e+00	0.00e+00	0.00e+00	0.00e+00	0.00e+00	6.34e-02	3.65e-02	1.20e-02
 8.27278e+12	1.32e-01	8.66e-01	1.76e-03	0.00e+00	0.00e+00	0.00e+00	0.00e+00	0.00e+00	0.00e+00	7.38e-02	4.25e-02	1.39e-02
 8.78752e+12	1.54e-01	8.44e-01	1.33e-03	0.00e+00	0.00e+00	0.00e+00	0.00e+00	0.00e+00	0.00e+00	8.60e-02	4.95e-02	1.63e-02
 9.26283e+12	1.80e-01	8.19e-01	1.00e-03	0.00e+00	0.00e+00	0.00e+00	0.00e+00	0.00e+00	0.00e+00	1.00e-01	5.78e-02	1.90e-02
 9.70103e+12	2.09e-01	7.90e-01	7.47e-04	0.00e+00	0.00e+00	0.00e+00	0.00e+00	0.00e+00	0.00e+00	1.17e-01	6.73e-02	2.21e-02
 1.01110e+13	2.44e-01	7.55e-01	5.51e-04	0.00e+00	0.00e+00	0.00e+00	0.00e+00	0.00e+00	0.00e+00	1.36e-01	7.84e-02	2.58e-02
 1.04961e+13	2.83e-01	7.16e-01	4.02e-04	0.00e+00	0.00e+00	0.00e+00	0.00e+00	0.00e+00	0.00e+00	1.58e-01	9.11e-02	2.99e-02
 1.08305e+13	3.24e-01	6.76e-01	2.98e-04	0.00e+00	0.00e+00	0.00e+00	0.00e+00	0.00e+00	0.00e+00	1.81e-01	1.04e-01	3.42e-02
 1.10903e+13	3.60e-01	6.40e-01	2.33e-04	0.00e+00	0.00e+00	0.00e+00	0.00e+00	0.00e+00	0.00e+00	2.01e-01	1.16e-01	3.80e-02
 1.12901e+13	3.90e-01	6.10e-01	1.91e-04	0.00e+00	0.00e+00	0.00e+00	0.00e+00	0.00e+00	0.00e+00	2.18e-01	1.25e-01	4.12e-02
 1.14612e+13	4.17e-01	5.83e-01	1.60e-04	0.00e+00	0.00e+00	0.00e+00	0.00e+00	0.00e+00	0.00e+00	2.34e-01	1.34e-01	4.42e-02
 1.16261e+13	4.45e-01	5.55e-01	1.34e-04	0.00e+00	0.00e+00	0.00e+00	0.00e+00	0.00e+00	0.00e+00	2.50e-01	1.43e-01	4.71e-02
 1.17854e+13	4.72e-01	5.28e-01	1.13e-04	0.00e+00	0.00e+00	0.00e+00	0.00e+00	0.00e+00	0.00e+00	2.65e-01	1.52e-01	5.00e-02
 1.19286e+13	4.97e-01	5.03e-01	9.62e-05	0.00e+00	0.00e+00	0.00e+00	0.00e+00	0.00e+00	0.00e+00	2.79e-01	1.60e-01	5.26e-02
 1.20558e+13	5.19e-01	4.81e-01	8.35e-05	0.00e+00	0.00e+00	0.00e+00	0.00e+00	0.00e+00	0.00e+00	2.92e-01	1.67e-01	5.50e-02
 1.21715e+13	5.40e-01	4.60e-01	7.30e-05	0.00e+00	0.00e+00	0.00e+00	0.00e+00	0.00e+00	0.00e+00	3.04e-01	1.74e-01	5.73e-02
 1.22842e+13	5.60e-01	4.40e-01	6.40e-05	0.00e+00	0.00e+00	0.00e+00	0.00e+00	0.00e+00	0.00e+00	3.15e-01	1.80e-01	5.94e-02
 1.23948e+13	5.80e-01	4.20e-01	5.60e-05	0.00e+00	0.00e+00	0.00e+00	0.00e+00	0.00e+00	0.00e+00	3.27e-01	1.87e-01	6.16e-02
 1.25007e+13	5.99e-01	4.01e-01	4.94e-05	0.00e+00	0.00e+00	0.00e+00	0.00e+00	0.00e+00	0.00e+00	3.38e-01	1.93e-01	6.36e-02
 1.25887e+13	6.14e-01	3.86e-01	4.46e-05	0.00e+00	0.00e+00	0.00e+00	0.00e+00	0.00e+00	0.00e+00	3.46e-01	1.98e-01	6.52e-02
 1.26531e+13	6.25e-01	3.75e-01	4.13e-05	0.00e+00	0.00e+00	0.00e+00	0.00e+00	0.00e+00	0.00e+00	3.53e-01	2.01e-01	6.64e-02
 1.27138e+13	6.36e-01	3.64e-01	3.83e-05	0.00e+00	0.00e+00	0.00e+00	0.00e+00	0.00e+00	0.00e+00	3.59e-01	2.04e-01	6.75e-02
 1.27815e+13	6.48e-01	3.52e-01	3.52e-05	0.00e+00	0.00e+00	0.00e+00	0.00e+00	0.00e+00	0.00e+00	3.66e-01	2.08e-01	6.89e-02
 1.28517e+13	6.59e-01	3.41e-01	3.23e-05	0.00e+00	0.00e+00	0.00e+00	0.00e+00	0.00e+00	0.00e+00	3.73e-01	2.12e-01	7.01e-02
 1.29209e+13	6.71e-01	3.29e-01	2.96e-05	0.00e+00	0.00e+00	0.00e+00	0.00e+00	0.00e+00	0.00e+00	3.80e-01	2.16e-01	7.14e-02
 1.29887e+13	6.82e-01	3.18e-01	2.72e-05	0.00e+00	0.00e+00	0.00e+00	0.00e+00	0.00e+00	0.00e+00	3.86e-01	2.19e-01	7.26e-02
 1.30557e+13	6.94e-01	3.06e-01	2.50e-05	0.00e+00	0.00e+00	0.00e+00	0.00e+00	0.00e+00	0.00e+00	3.92e-01	2.23e-01	7.38e-02
 1.31234e+13	7.04e-01	2.96e-01	2.30e-05	0.00e+00	0.00e+00	0.00e+00	0.00e+00	0.00e+00	0.00e+00	3.99e-01	2.26e-01	7.49e-02
 1.31918e+13	7.15e-01	2.85e-01	2.11e-05	0.00e+00	0.00e+00	0.00e+00	0.00e+00	0.00e+00	0.00e+00	4.05e-01	2.30e-01	7.61e-02
 1.32602e+13	7.26e-01	2.74e-01	1.93e-05	0.00e+00	0.00e+00	0.00e+00	0.00e+00	0.00e+00	0.00e+00	4.11e-01	2.33e-01	7.72e-02
 1.33272e+13	7.36e-01	2.64e-01	1.77e-05	0.00e+00	0.00e+00	0.00e+00	0.00e+00	0.00e+00	0.00e+00	4.17e-01	2.36e-01	7.83e-02
 1.33938e+13	7.45e-01	2.55e-01	1.63e-05	0.00e+00	0.00e+00	0.00e+00	0.00e+00	0.00e+00	0.00e+00	4.23e-01	2.39e-01	7.93e-02
 1.34615e+13	7.55e-01	2.45e-01	1.49e-05	0.00e+00	0.00e+00	0.00e+00	0.00e+00	0.00e+00	0.00e+00	4.28e-01	2.43e-01	8.04e-02
 1.35292e+13	7.64e-01	2.36e-01	1.37e-05	0.00e+00	0.00e+00	0.00e+00	0.00e+00	0.00e+00	0.00e+00	4.34e-01	2.45e-01	8.14e-02
 1.35967e+13	7.74e-01	2.26e-01	1.26e-05	0.00e+00	0.00e+00	0.00e+00	0.00e+00	0.00e+00	0.00e+00	4.39e-01	2.48e-01	8.24e-02
 1.36641e+13	7.82e-01	2.18e-01	1.15e-05	0.00e+00	0.00e+00	0.00e+00	0.00e+00	0.00e+00	0.00e+00	4.44e-01	2.51e-01	8.33e-02
 1.37317e+13	7.91e-01	2.09e-01	1.06e-05	0.00e+00	0.00e+00	0.00e+00	0.00e+00	0.00e+00	0.00e+00	4.50e-01	2.54e-01	8.43e-02
 1.38001e+13	8.00e-01	2.00e-01	9.69e-06	0.00e+00	0.00e+00	0.00e+00	0.00e+00	0.00e+00	0.00e+00	4.55e-01	2.56e-01	8.52e-02
 1.38674e+13	8.08e-01	1.92e-01	8.89e-06	0.00e+00	0.00e+00	0.00e+00	0.00e+00	0.00e+00	0.00e+00	4.60e-01	2.59e-01	8.60e-02
 1.39345e+13	8.15e-01	1.85e-01	8.16e-06	0.00e+00	0.00e+00	0.00e+00	0.00e+00	0.00e+00	0.00e+00	4.64e-01	2.61e-01	8.69e-02
 1.40026e+13	8.23e-01	1.77e-01	7.47e-06	0.00e+00	0.00e+00	0.00e+00	0.00e+00	0.00e+00	0.00e+00	4.69e-01	2.64e-01	8.77e-02
 1.40708e+13	8.30e-01	1.70e-01	6.85e-06	0.00e+00	0.00e+00	0.00e+00	0.00e+00	0.00e+00	0.00e+00	4.73e-01	2.66e-01	8.85e-02
 1.41384e+13	8.37e-01	1.63e-01	6.28e-06	0.00e+00	0.00e+00	0.00e+00	0.00e+00	0.00e+00	0.00e+00	4.77e-01	2.68e-01	8.92e-02
 1.42059e+13	8.44e-01	1.56e-01	5.76e-06	0.00e+00	0.00e+00	0.00e+00	0.00e+00	0.00e+00	0.00e+00	4.81e-01	2.70e-01	8.99e-02
 1.42734e+13	8.51e-01	1.49e-01	5.28e-06	0.00e+00	0.00e+00	0.00e+00	0.00e+00	0.00e+00	0.00e+00	4.86e-01	2.72e-01	9.06e-02
 1.43407e+13	8.57e-01	1.43e-01	4.85e-06	0.00e+00	0.00e+00	0.00e+00	0.00e+00	0.00e+00	0.00e+00	4.89e-01	2.74e-01	9.13e-02
 1.44078e+13	8.63e-01	1.37e-01	4.45e-06	0.00e+00	0.00e+00	0.00e+00	0.00e+00	0.00e+00	0.00e+00	4.93e-01	2.76e-01	9.19e-02
 1.44747e+13	8.69e-01	1.31e-01	4.09e-06	0.00e+00	0.00e+00	0.00e+00	0.00e+00	0.00e+00	0.00e+00	4.96e-01	2.78e-01	9.25e-02
 1.45417e+13	8.74e-01	1.26e-01	3.75e-06	0.00e+00	0.00e+00	0.00e+00	0.00e+00	0.00e+00	0.00e+00	5.00e-01	2.79e-01	9.31e-02
 1.46085e+13	8.79e-01	1.21e-01	3.45e-06	0.00e+00	0.00e+00	0.00e+00	0.00e+00	0.00e+00	0.00e+00	5.03e-01	2.81e-01	9.37e-02
 1.46749e+13	8.85e-01	1.15e-01	3.17e-06	0.00e+00	0.00e+00	0.00e+00	0.00e+00	0.00e+00	0.00e+00	5.06e-01	2.82e-01	9.42e-02
 1.47417e+13	8.89e-01	1.11e-01	2.91e-06	0.00e+00	0.00e+00	0.00e+00	0.00e+00	0.00e+00	0.00e+00	5.09e-01	2.84e-01	9.47e-02
 1.48090e+13	8.94e-01	1.06e-01	2.68e-06	0.00e+00	0.00e+00	0.00e+00	0.00e+00	0.00e+00	0.00e+00	5.12e-01	2.85e-01	9.52e-02
 1.48757e+13	8.98e-01	1.02e-01	2.46e-06	0.00e+00	0.00e+00	0.00e+00	0.00e+00	0.00e+00	0.00e+00	5.15e-01	2.86e-01	9.56e-02
 1.49419e+13	9.03e-01	9.72e-02	2.27e-06	0.00e+00	0.00e+00	0.00e+00	0.00e+00	0.00e+00	0.00e+00	5.18e-01	2.88e-01	9.61e-02
 1.50089e+13	9.07e-01	9.32e-02	2.09e-06	0.00e+00	0.00e+00	0.00e+00	0.00e+00	0.00e+00	0.00e+00	5.20e-01	2.89e-01	9.65e-02
 1.50762e+13	9.11e-01	8.92e-02	1.92e-06	0.00e+00	0.00e+00	0.00e+00	0.00e+00	0.00e+00	0.00e+00	5.23e-01	2.90e-01	9.69e-02
 1.51431e+13	9.15e-01	8.54e-02	1.77e-06	0.00e+00	0.00e+00	0.00e+00	0.00e+00	0.00e+00	0.00e+00	5.25e-01	2.91e-01	9.73e-02
 1.52103e+13	9.18e-01	8.19e-02	1.63e-06	0.00e+00	0.00e+00	0.00e+00	0.00e+00	0.00e+00	0.00e+00	5.27e-01	2.92e-01	9.76e-02
 1.52782e+13	9.22e-01	7.84e-02	1.50e-06	0.00e+00	0.00e+00	0.00e+00	0.00e+00	0.00e+00	0.00e+00	5.29e-01	2.93e-01	9.80e-02
 1.53462e+13	9.25e-01	7.51e-02	1.38e-06	0.00e+00	0.00e+00	0.00e+00	0.00e+00	0.00e+00	0.00e+00	5.32e-01	2.94e-01	9.83e-02
 1.54146e+13	9.28e-01	7.19e-02	1.27e-06	0.00e+00	0.00e+00	0.00e+00	0.00e+00	0.00e+00	0.00e+00	5.34e-01	2.95e-01	9.86e-02
 1.54831e+13	9.31e-01	6.88e-02	1.17e-06	0.00e+00	0.00e+00	0.00e+00	0.00e+00	0.00e+00	0.00e+00	5.36e-01	2.96e-01	9.89e-02
 1.55520e+13	9.34e-01	6.60e-02	1.07e-06	0.00e+00	0.00e+00	0.00e+00	0.00e+00	0.00e+00	0.00e+00	5.37e-01	2.97e-01	9.92e-02
 1.56214e+13	9.37e-01	6.31e-02	9.86e-07	0.00e+00	0.00e+00	0.00e+00	0.00e+00	0.00e+00	0.00e+00	5.39e-01	2.97e-01	9.95e-02
 1.56914e+13	9.39e-01	6.05e-02	0.00e+00	0.00e+00	0.00e+00	0.00e+00	0.00e+00	0.00e+00	0.00e+00	5.41e-01	2.98e-01	9.97e-02
 1.57618e+13	9.42e-01	5.79e-02	0.00e+00	0.00e+00	0.00e+00	0.00e+00	0.00e+00	0.00e+00	0.00e+00	5.43e-01	2.99e-01	1.00e-01
 1.58322e+13	9.44e-01	5.55e-02	0.00e+00	0.00e+00	0.00e+00	0.00e+00	0.00e+00	0.00e+00	0.00e+00	5.44e-01	2.99e-01	1.00e-01
 1.59035e+13	9.47e-01	5.31e-02	0.00e+00	0.00e+00	0.00e+00	0.00e+00	0.00e+00	0.00e+00	0.00e+00	5.46e-01	3.00e-01	1.00e-01
 1.59762e+13	9.49e-01	5.09e-02	0.00e+00	0.00e+00	0.00e+00	0.00e+00	0.00e+00	0.00e+00	0.00e+00	5.47e-01	3.01e-01	1.01e-01
 1.60492e+13	9.51e-01	4.87e-02	0.00e+00	0.00e+00	0.00e+00	0.00e+00	0.00e+00	0.00e+00	0.00e+00	5.49e-01	3.01e-01	1.01e-01
 1.61219e+13	9.53e-01	4.67e-02	0.00e+00	0.00e+00	0.00e+00	0.00e+00	0.00e+00	0.00e+00	0.00e+00	5.50e-01	3.02e-01	1.01e-01
 1.61957e+13	9.55e-01	4.47e-02	0.00e+00	0.00e+00	0.00e+00	0.00e+00	0.00e+00	0.00e+00	0.00e+00	5.51e-01	3.02e-01	1.01e-01
 1.62712e+13	9.57e-01	4.28e-02	0.00e+00	0.00e+00	0.00e+00	0.00e+00	0.00e+00	0.00e+00	0.00e+00	5.53e-01	3.03e-01	1.01e-01
 1.63472e+13	9.59e-01	4.10e-02	0.00e+00	0.00e+00	0.00e+00	0.00e+00	0.00e+00	0.00e+00	0.00e+00	5.54e-01	3.03e-01	1.02e-01
 1.64232e+13	9.61e-01	3.92e-02	0.00e+00	0.00e+00	0.00e+00	0.00e+00	0.00e+00	0.00e+00	0.00e+00	5.55e-01	3.03e-01	1.02e-01
 1.65004e+13	9.62e-01	3.76e-02	0.00e+00	0.00e+00	0.00e+00	0.00e+00	0.00e+00	0.00e+00	0.00e+00	5.56e-01	3.04e-01	1.02e-01
 1.65794e+13	9.64e-01	3.60e-02	0.00e+00	0.00e+00	0.00e+00	0.00e+00	0.00e+00	0.00e+00	0.00e+00	5.57e-01	3.04e-01	1.02e-01
 1.66590e+13	9.66e-01	3.44e-02	0.00e+00	0.00e+00	0.00e+00	0.00e+00	0.00e+00	0.00e+00	0.00e+00	5.58e-01	3.05e-01	1.02e-01
 1.67393e+13	9.67e-01	3.30e-02	0.00e+00	0.00e+00	0.00e+00	0.00e+00	0.00e+00	0.00e+00	0.00e+00	5.59e-01	3.05e-01	1.02e-01
 1.68207e+13	9.68e-01	3.16e-02	0.00e+00	0.00e+00	0.00e+00	0.00e+00	0.00e+00	0.00e+00	0.00e+00	5.60e-01	3.05e-01	1.02e-01
 1.69033e+13	9.70e-01	3.03e-02	0.00e+00	0.00e+00	0.00e+00	0.00e+00	0.00e+00	0.00e+00	0.00e+00	5.61e-01	3.06e-01	1.02e-01
 1.69868e+13	9.71e-01	2.90e-02	0.00e+00	0.00e+00	0.00e+00	0.00e+00	0.00e+00	0.00e+00	0.00e+00	5.62e-01	3.06e-01	1.03e-01
 1.70720e+13	9.72e-01	2.78e-02	0.00e+00	0.00e+00	0.00e+00	0.00e+00	0.00e+00	0.00e+00	0.00e+00	5.63e-01	3.06e-01	1.03e-01
 1.71583e+13	9.73e-01	2.66e-02	0.00e+00	0.00e+00	0.00e+00	0.00e+00	0.00e+00	0.00e+00	0.00e+00	5.64e-01	3.06e-01	1.03e-01
 1.72460e+13	9.75e-01	2.55e-02	0.00e+00	0.00e+00	0.00e+00	0.00e+00	0.00e+00	0.00e+00	0.00e+00	5.65e-01	3.07e-01	1.03e-01
 1.73349e+13	9.76e-01	2.44e-02	0.00e+00	0.00e+00	0.00e+00	0.00e+00	0.00e+00	0.00e+00	0.00e+00	5.66e-01	3.07e-01	1.03e-01
 1.74237e+13	9.77e-01	2.34e-02	0.00e+00	0.00e+00	0.00e+00	0.00e+00	0.00e+00	0.00e+00	0.00e+00	5.66e-01	3.07e-01	1.03e-01
 1.75152e+13	9.78e-01	2.24e-02	0.00e+00	0.00e+00	0.00e+00	0.00e+00	0.00e+00	0.00e+00	0.00e+00	5.67e-01	3.07e-01	1.03e-01
 1.76097e+13	9.79e-01	2.15e-02	0.00e+00	0.00e+00	0.00e+00	0.00e+00	0.00e+00	0.00e+00	0.00e+00	5.68e-01	3.08e-01	1.03e-01
 1.77051e+13	9.79e-01	2.06e-02	0.00e+00	0.00e+00	0.00e+00	0.00e+00	0.00e+00	0.00e+00	0.00e+00	5.68e-01	3.08e-01	1.03e-01
 1.78005e+13	9.80e-01	1.97e-02	0.00e+00	0.00e+00	0.00e+00	0.00e+00	0.00e+00	0.00e+00	0.00e+00	5.69e-01	3.08e-01	1.03e-01
 1.78978e+13	9.81e-01	1.89e-02	0.00e+00	0.00e+00	0.00e+00	0.00e+00	0.00e+00	0.00e+00	0.00e+00	5.70e-01	3.08e-01	1.03e-01
 1.79973e+13	9.82e-01	1.81e-02	0.00e+00	0.00e+00	0.00e+00	0.00e+00	0.00e+00	0.00e+00	0.00e+00	5.70e-01	3.08e-01	1.03e-01
 1.80978e+13	9.83e-01	1.74e-02	0.00e+00	0.00e+00	0.00e+00	0.00e+00	0.00e+00	0.00e+00	0.00e+00	5.71e-01	3.08e-01	1.03e-01
 1.81998e+13	9.83e-01	1.67e-02	0.00e+00	0.00e+00	0.00e+00	0.00e+00	0.00e+00	0.00e+00	0.00e+00	5.71e-01	3.08e-01	1.03e-01
 1.83039e+13	9.84e-01	1.60e-02	0.00e+00	0.00e+00	0.00e+00	0.00e+00	0.00e+00	0.00e+00	0.00e+00	5.72e-01	3.09e-01	1.03e-01
 1.84088e+13	9.85e-01	1.53e-02	0.00e+00	0.00e+00	0.00e+00	0.00e+00	0.00e+00	0.00e+00	0.00e+00	5.73e-01	3.09e-01	1.03e-01
 1.85160e+13	9.85e-01	1.47e-02	0.00e+00	0.00e+00	0.00e+00	0.00e+00	0.00e+00	0.00e+00	0.00e+00	5.73e-01	3.09e-01	1.03e-01
 1.86253e+13	9.86e-01	1.41e-02	0.00e+00	0.00e+00	0.00e+00	0.00e+00	0.00e+00	0.00e+00	0.00e+00	5.74e-01	3.09e-01	1.03e-01
 1.87350e+13	9.86e-01	1.35e-02	0.00e+00	0.00e+00	0.00e+00	0.00e+00	0.00e+00	0.00e+00	0.00e+00	5.74e-01	3.09e-01	1.03e-01
 1.88460e+13	9.87e-01	1.30e-02	0.00e+00	0.00e+00	0.00e+00	0.00e+00	0.00e+00	0.00e+00	0.00e+00	5.75e-01	3.09e-01	1.03e-01
 1.89574e+13	9.88e-01	1.24e-02	0.00e+00	0.00e+00	0.00e+00	0.00e+00	0.00e+00	0.00e+00	0.00e+00	5.75e-01	3.09e-01	1.03e-01
 1.90714e+13	9.88e-01	1.19e-02	0.00e+00	0.00e+00	0.00e+00	0.00e+00	0.00e+00	0.00e+00	0.00e+00	5.75e-01	3.09e-01	1.03e-01
 1.91888e+13	9.89e-01	1.14e-02	0.00e+00	0.00e+00	0.00e+00	0.00e+00	0.00e+00	0.00e+00	0.00e+00	5.76e-01	3.09e-01	1.03e-01
 1.93061e+13	9.89e-01	1.10e-02	0.00e+00	0.00e+00	0.00e+00	0.00e+00	0.00e+00	0.00e+00	0.00e+00	5.76e-01	3.09e-01	1.03e-01
 1.94236e+13	9.89e-01	1.05e-02	0.00e+00	0.00e+00	0.00e+00	0.00e+00	0.00e+00	0.00e+00	0.00e+00	5.77e-01	3.09e-01	1.03e-01
 1.95389e+13	9.90e-01	1.01e-02	0.00e+00	0.00e+00	0.00e+00	0.00e+00	0.00e+00	0.00e+00	0.00e+00	5.77e-01	3.09e-01	1.03e-01
 1.96536e+13	9.90e-01	9.70e-03	0.00e+00	0.00e+00	0.00e+00	0.00e+00	0.00e+00	0.00e+00	0.00e+00	5.78e-01	3.09e-01	1.03e-01
 1.97732e+13	9.91e-01	9.30e-03	0.00e+00	0.00e+00	0.00e+00	0.00e+00	0.00e+00	0.00e+00	0.00e+00	5.78e-01	3.09e-01	1.03e-01
 1.98944e+13	9.91e-01	8.91e-03	0.00e+00	0.00e+00	0.00e+00	0.00e+00	0.00e+00	0.00e+00	0.00e+00	5.79e-01	3.09e-01	1.03e-01
 2.00138e+13	9.91e-01	8.54e-03	0.00e+00	0.00e+00	0.00e+00	0.00e+00	0.00e+00	0.00e+00	0.00e+00	5.79e-01	3.09e-01	1.03e-01
 2.01335e+13	9.92e-01	8.19e-03	0.00e+00	0.00e+00	0.00e+00	0.00e+00	0.00e+00	0.00e+00	0.00e+00	5.79e-01	3.09e-01	1.03e-01
 2.02543e+13	9.92e-01	7.84e-03	0.00e+00	0.00e+00	0.00e+00	0.00e+00	0.00e+00	0.00e+00	0.00e+00	5.80e-01	3.09e-01	1.03e-01
 2.03754e+13	9.92e-01	7.51e-03	0.00e+00	0.00e+00	0.00e+00	0.00e+00	0.00e+00	0.00e+00	0.00e+00	5.80e-01	3.09e-01	1.03e-01
 2.04960e+13	9.93e-01	7.18e-03	0.00e+00	0.00e+00	0.00e+00	0.00e+00	0.00e+00	0.00e+00	0.00e+00	5.81e-01	3.09e-01	1.03e-01
 2.06169e+13	9.93e-01	6.87e-03	0.00e+00	0.00e+00	0.00e+00	0.00e+00	0.00e+00	0.00e+00	0.00e+00	5.81e-01	3.09e-01	1.03e-01
 2.07375e+13	9.93e-01	6.57e-03	0.00e+00	0.00e+00	0.00e+00	0.00e+00	0.00e+00	0.00e+00	0.00e+00	5.82e-01	3.09e-01	1.03e-01
 2.08574e+13	9.94e-01	6.28e-03	0.00e+00	0.00e+00	0.00e+00	0.00e+00	0.00e+00	0.00e+00	0.00e+00	5.82e-01	3.08e-01	1.03e-01
 2.09757e+13	9.94e-01	6.00e-03	0.00e+00	0.00e+00	0.00e+00	0.00e+00	0.00e+00	0.00e+00	0.00e+00	5.83e-01	3.08e-01	1.03e-01
 2.10928e+13	9.94e-01	5.73e-03	0.00e+00	0.00e+00	0.00e+00	0.00e+00	0.00e+00	0.00e+00	0.00e+00	5.83e-01	3.08e-01	1.03e-01
 2.12101e+13	9.95e-01	5.47e-03	0.00e+00	0.00e+00	0.00e+00	0.00e+00	0.00e+00	0.00e+00	0.00e+00	5.84e-01	3.08e-01	1.03e-01
 2.13270e+13	9.95e-01	5.21e-03	0.00e+00	0.00e+00	0.00e+00	0.00e+00	0.00e+00	0.00e+00	0.00e+00	5.85e-01	3.08e-01	1.02e-01
 2.14410e+13	9.95e-01	4.92e-03	0.00e+00	0.00e+00	0.00e+00	0.00e+00	0.00e+00	0.00e+00	0.00e+00	5.85e-01	3.08e-01	1.02e-01
