#depth	He	He+	He+2
 8.12304e+10	2.00e-03	9.59e-01	3.90e-02
 4.87383e+11	2.00e-03	9.59e-01	3.90e-02
 2.11199e+12	2.00e-03	9.59e-01	3.90e-02
 8.61043e+12	2.00e-03	9.59e-01	3.88e-02
 2.05675e+13	1.99e-03	9.59e-01	3.89e-02
 3.61118e+13	1.99e-03	9.59e-01	3.89e-02
 5.63193e+13	2.00e-03	9.59e-01	3.87e-02
 8.25891e+13	2.00e-03	9.60e-01	3.82e-02
 1.16740e+14	2.00e-03	9.61e-01	3.74e-02
 1.61136e+14	2.01e-03	9.62e-01	3.61e-02
 2.18851e+14	2.02e-03	9.64e-01	3.42e-02
 2.93880e+14	2.03e-03	9.66e-01	3.16e-02
 3.91418e+14	2.04e-03	9.70e-01	2.82e-02
 5.18217e+14	2.06e-03	9.74e-01	2.39e-02
 6.83056e+14	2.08e-03	9.79e-01	1.89e-02
 8.97347e+14	2.11e-03	9.84e-01	1.38e-02
 1.17592e+15	2.14e-03	9.89e-01	8.92e-03
 1.53808e+15	2.18e-03	9.93e-01	5.01e-03
 2.00887e+15	2.23e-03	9.95e-01	2.37e-03
 2.62091e+15	2.30e-03	9.97e-01	9.13e-04
 3.11518e+15	2.33e-03	9.97e-01	4.20e-04
 3.42670e+15	2.36e-03	9.97e-01	2.65e-04
 3.76937e+15	2.39e-03	9.97e-01	1.62e-04
 4.14631e+15	2.43e-03	9.97e-01	9.54e-05
 4.56094e+15	2.48e-03	9.97e-01	5.46e-05
 5.01703e+15	2.53e-03	9.97e-01	3.03e-05
 5.51874e+15	2.58e-03	9.97e-01	1.64e-05
 6.07061e+15	2.65e-03	9.97e-01	8.63e-06
 6.67767e+15	2.72e-03	9.97e-01	4.45e-06
 7.34544e+15	2.80e-03	9.97e-01	2.25e-06
 8.07998e+15	2.90e-03	9.97e-01	1.11e-06
 8.88798e+15	3.01e-03	9.97e-01	5.40e-07
 9.77678e+15	3.15e-03	9.97e-01	2.58e-07
 1.07545e+16	3.30e-03	9.97e-01	1.21e-07
 1.18299e+16	3.48e-03	9.97e-01	5.53e-08
 1.30129e+16	3.70e-03	9.96e-01	2.49e-08
 1.43142e+16	3.97e-03	9.96e-01	1.10e-08
 1.57456e+16	4.30e-03	9.96e-01	4.74e-09
 1.73202e+16	4.72e-03	9.95e-01	2.01e-09
 1.88713e+16	5.19e-03	9.95e-01	9.32e-10
 2.02326e+16	5.67e-03	9.94e-01	5.01e-10
 2.14761e+16	6.19e-03	9.94e-01	2.96e-10
 2.26918e+16	6.78e-03	9.93e-01	1.86e-10
 2.38883e+16	7.46e-03	9.93e-01	1.24e-10
 2.50308e+16	8.23e-03	9.92e-01	8.94e-11
 2.61012e+16	9.08e-03	9.91e-01	6.93e-11
 2.71089e+16	1.00e-02	9.90e-01	5.71e-11
 2.80686e+16	1.11e-02	9.89e-01	4.94e-11
 2.89886e+16	1.24e-02	9.88e-01	4.44e-11
 2.98645e+16	1.39e-02	9.86e-01	4.11e-11
 3.06883e+16	1.56e-02	9.84e-01	3.90e-11
 3.14643e+16	1.76e-02	9.82e-01	3.76e-11
 3.22007e+16	1.99e-02	9.80e-01	3.67e-11
 3.29024e+16	2.27e-02	9.77e-01	3.61e-11
 3.35696e+16	2.61e-02	9.74e-01	3.58e-11
 3.42021e+16	3.04e-02	9.70e-01	3.57e-11
 3.48010e+16	3.57e-02	9.64e-01	3.57e-11
 3.53689e+16	4.22e-02	9.58e-01	3.59e-11
 3.59048e+16	5.11e-02	9.49e-01	3.62e-11
 3.64111e+16	6.31e-02	9.37e-01	3.64e-11
 3.68154e+16	7.66e-02	9.23e-01	3.69e-11
 3.71067e+16	9.05e-02	9.09e-01	3.72e-11
 3.73509e+16	1.06e-01	8.94e-01	3.75e-11
 3.75588e+16	1.23e-01	8.77e-01	3.77e-11
 3.77490e+16	1.43e-01	8.57e-01	3.78e-11
 3.79255e+16	1.67e-01	8.33e-01	3.81e-11
 3.80845e+16	1.94e-01	8.06e-01	3.83e-11
 3.82280e+16	2.27e-01	7.73e-01	3.82e-11
 3.83579e+16	2.65e-01	7.35e-01	3.78e-11
 3.84746e+16	3.07e-01	6.93e-01	3.72e-11
 3.85822e+16	3.54e-01	6.46e-01	3.68e-11
 3.86853e+16	4.09e-01	5.91e-01	3.53e-11
 3.87851e+16	4.71e-01	5.29e-01	3.41e-11
 3.88821e+16	5.41e-01	4.59e-01	3.12e-11
 3.89928e+16	6.27e-01	3.73e-01	2.78e-11
 3.91149e+16	7.23e-01	2.77e-01	2.23e-11
 3.92323e+16	8.07e-01	1.93e-01	1.66e-11
 3.93657e+16	8.80e-01	1.20e-01	1.11e-11
 3.95391e+16	9.38e-01	6.17e-02	6.00e-12
 3.97646e+16	9.74e-01	2.57e-02	2.61e-12
 4.00577e+16	9.91e-01	9.12e-03	9.53e-13
 4.04387e+16	9.97e-01	3.22e-03	0.00e+00
 4.08209e+16	9.98e-01	1.68e-03	0.00e+00
 4.11127e+16	9.99e-01	1.28e-03	0.00e+00
 4.13571e+16	9.99e-01	1.15e-03	0.00e+00
 4.15684e+16	9.99e-01	1.05e-03	0.00e+00
 4.17322e+16	9.99e-01	9.92e-04	0.00e+00
 4.18687e+16	9.99e-01	9.40e-04	0.00e+00
 4.19961e+16	9.99e-01	8.85e-04	0.00e+00
 4.21176e+16	9.99e-01	8.21e-04	0.00e+00
 4.22278e+16	9.99e-01	7.51e-04	0.00e+00
 4.23238e+16	9.99e-01	6.80e-04	0.00e+00
 4.24078e+16	9.99e-01	6.10e-04	0.00e+00
 4.24838e+16	9.99e-01	5.40e-04	0.00e+00
 4.25539e+16	1.00e+00	4.71e-04	0.00e+00
 4.26188e+16	1.00e+00	4.04e-04	0.00e+00
 4.26787e+16	1.00e+00	3.44e-04	0.00e+00
 4.27337e+16	1.00e+00	2.91e-04	0.00e+00
 4.27825e+16	1.00e+00	2.45e-04	0.00e+00
 4.28222e+16	1.00e+00	2.09e-04	0.00e+00
 4.28522e+16	1.00e+00	1.86e-04	0.00e+00
 4.28760e+16	1.00e+00	1.70e-04	0.00e+00
 4.28971e+16	1.00e+00	1.56e-04	0.00e+00
 4.29170e+16	1.00e+00	1.42e-04	0.00e+00
 4.29355e+16	1.00e+00	1.30e-04	0.00e+00
 4.29519e+16	1.00e+00	1.20e-04	0.00e+00
 4.29666e+16	1.00e+00	1.12e-04	0.00e+00
 4.29805e+16	1.00e+00	1.05e-04	0.00e+00
 4.29934e+16	1.00e+00	9.82e-05	0.00e+00
 4.30041e+16	1.00e+00	9.19e-05	0.00e+00
 4.30120e+16	1.00e+00	8.93e-05	0.00e+00
 4.30194e+16	1.00e+00	8.65e-05	0.00e+00
 4.30274e+16	1.00e+00	8.30e-05	0.00e+00
 4.30357e+16	1.00e+00	7.92e-05	0.00e+00
 4.30439e+16	1.00e+00	7.58e-05	0.00e+00
 4.30520e+16	1.00e+00	7.25e-05	0.00e+00
 4.30598e+16	1.00e+00	6.96e-05	0.00e+00
 4.30675e+16	1.00e+00	6.69e-05	0.00e+00
 4.30752e+16	1.00e+00	6.41e-05	0.00e+00
 4.30830e+16	1.00e+00	6.14e-05	0.00e+00
 4.30906e+16	1.00e+00	5.89e-05	0.00e+00
 4.30981e+16	1.00e+00	5.65e-05	0.00e+00
 4.31055e+16	1.00e+00	5.42e-05	0.00e+00
 4.31130e+16	1.00e+00	5.20e-05	0.00e+00
 4.31203e+16	1.00e+00	5.00e-05	0.00e+00
 4.31277e+16	1.00e+00	4.78e-05	0.00e+00
 4.31349e+16	1.00e+00	4.59e-05	0.00e+00
 4.31419e+16	1.00e+00	4.42e-05	0.00e+00
 4.31491e+16	1.00e+00	4.25e-05	0.00e+00
 4.31563e+16	1.00e+00	4.07e-05	0.00e+00
 4.31633e+16	1.00e+00	3.91e-05	0.00e+00
 4.31700e+16	1.00e+00	3.76e-05	0.00e+00
 4.31767e+16	1.00e+00	3.62e-05	0.00e+00
 4.31833e+16	1.00e+00	3.48e-05	0.00e+00
 4.31898e+16	1.00e+00	3.35e-05	0.00e+00
 4.31962e+16	1.00e+00	3.22e-05	0.00e+00
 4.32025e+16	1.00e+00	3.07e-05	0.00e+00
 4.32088e+16	1.00e+00	2.73e-05	0.00e+00
 4.32150e+16	1.00e+00	2.82e-05	0.00e+00
 4.32211e+16	1.00e+00	2.78e-05	0.00e+00
 4.32270e+16	1.00e+00	2.71e-05	0.00e+00
 4.32328e+16	1.00e+00	2.63e-05	0.00e+00
 4.32386e+16	1.00e+00	2.55e-05	0.00e+00
 4.32442e+16	1.00e+00	2.47e-05	0.00e+00
 4.32497e+16	1.00e+00	2.40e-05	0.00e+00
 4.32552e+16	1.00e+00	2.33e-05	0.00e+00
 4.32606e+16	1.00e+00	2.26e-05	0.00e+00
 4.32659e+16	1.00e+00	2.20e-05	0.00e+00
 4.32710e+16	1.00e+00	2.14e-05	0.00e+00
 4.32760e+16	1.00e+00	2.08e-05	0.00e+00
 4.32808e+16	1.00e+00	2.02e-05	0.00e+00
 4.32856e+16	1.00e+00	1.97e-05	0.00e+00
 4.32901e+16	1.00e+00	1.93e-05	0.00e+00
 4.32943e+16	1.00e+00	1.88e-05	0.00e+00
 4.32978e+16	1.00e+00	1.84e-05	0.00e+00
 4.33008e+16	1.00e+00	1.82e-05	0.00e+00
 4.33034e+16	1.00e+00	1.79e-05	0.00e+00
