#depth	O	O+	O+2	O+3	O+4	O+5	O+6	O+7	O+8	O[1]	O[2]	O[3]
 1.13975e+12	1.12e-07	5.89e-03	8.15e-01	1.79e-01	1.99e-05	4.74e-13	0.00e+00	0.00e+00	0.00e+00	9.70e-08	7.92e-09	6.62e-09
 6.83850e+12	1.11e-07	5.88e-03	8.15e-01	1.79e-01	1.99e-05	0.00e+00	0.00e+00	0.00e+00	0.00e+00	9.68e-08	7.94e-09	6.64e-09
 2.96335e+13	1.12e-07	5.89e-03	8.16e-01	1.78e-01	1.98e-05	0.00e+00	0.00e+00	0.00e+00	0.00e+00	9.70e-08	7.96e-09	6.65e-09
 1.20814e+14	1.13e-07	5.92e-03	8.18e-01	1.76e-01	1.93e-05	0.00e+00	0.00e+00	0.00e+00	0.00e+00	9.80e-08	8.04e-09	6.72e-09
 2.88585e+14	1.15e-07	5.98e-03	8.21e-01	1.73e-01	1.87e-05	0.00e+00	0.00e+00	0.00e+00	0.00e+00	9.96e-08	8.15e-09	6.82e-09
 5.06687e+14	1.17e-07	6.06e-03	8.25e-01	1.69e-01	1.78e-05	0.00e+00	0.00e+00	0.00e+00	0.00e+00	1.02e-07	8.33e-09	6.98e-09
 7.90221e+14	1.21e-07	6.16e-03	8.31e-01	1.63e-01	1.68e-05	0.00e+00	0.00e+00	0.00e+00	0.00e+00	1.05e-07	8.57e-09	7.19e-09
 1.15881e+15	1.26e-07	6.31e-03	8.38e-01	1.56e-01	1.56e-05	0.00e+00	0.00e+00	0.00e+00	0.00e+00	1.10e-07	8.91e-09	7.48e-09
 1.63799e+15	1.33e-07	6.49e-03	8.46e-01	1.47e-01	1.41e-05	0.00e+00	0.00e+00	0.00e+00	0.00e+00	1.16e-07	9.34e-09	7.86e-09
 2.26091e+15	1.42e-07	6.72e-03	8.57e-01	1.36e-01	1.23e-05	0.00e+00	0.00e+00	0.00e+00	0.00e+00	1.24e-07	9.92e-09	8.37e-09
 3.07071e+15	1.54e-07	7.03e-03	8.70e-01	1.23e-01	1.03e-05	0.00e+00	0.00e+00	0.00e+00	0.00e+00	1.34e-07	1.07e-08	9.05e-09
 4.12345e+15	1.71e-07	7.43e-03	8.86e-01	1.07e-01	8.17e-06	0.00e+00	0.00e+00	0.00e+00	0.00e+00	1.49e-07	1.18e-08	9.98e-09
 5.49201e+15	1.94e-07	7.96e-03	9.04e-01	8.85e-02	5.98e-06	0.00e+00	0.00e+00	0.00e+00	0.00e+00	1.69e-07	1.32e-08	1.13e-08
 7.27114e+15	2.27e-07	8.67e-03	9.23e-01	6.81e-02	3.91e-06	0.00e+00	0.00e+00	0.00e+00	0.00e+00	1.99e-07	1.53e-08	1.31e-08
 9.44234e+15	2.72e-07	9.53e-03	9.42e-01	4.87e-02	2.29e-06	0.00e+00	0.00e+00	0.00e+00	0.00e+00	2.38e-07	1.81e-08	1.56e-08
 1.18202e+16	3.28e-07	1.05e-02	9.57e-01	3.30e-02	1.25e-06	0.00e+00	0.00e+00	0.00e+00	0.00e+00	2.88e-07	2.15e-08	1.86e-08
 1.42931e+16	3.94e-07	1.15e-02	9.67e-01	2.16e-02	6.53e-07	0.00e+00	0.00e+00	0.00e+00	0.00e+00	3.47e-07	2.54e-08	2.22e-08
 1.68650e+16	4.74e-07	1.26e-02	9.74e-01	1.38e-02	0.00e+00	0.00e+00	0.00e+00	0.00e+00	0.00e+00	4.17e-07	3.02e-08	2.64e-08
 1.95397e+16	5.69e-07	1.38e-02	9.78e-01	8.61e-03	0.00e+00	0.00e+00	0.00e+00	0.00e+00	0.00e+00	5.01e-07	3.57e-08	3.14e-08
 2.23214e+16	6.81e-07	1.50e-02	9.80e-01	5.28e-03	0.00e+00	0.00e+00	0.00e+00	0.00e+00	0.00e+00	6.02e-07	4.23e-08	3.73e-08
 2.49266e+16	8.01e-07	1.62e-02	9.80e-01	3.36e-03	0.00e+00	0.00e+00	0.00e+00	0.00e+00	0.00e+00	7.08e-07	4.92e-08	4.35e-08
 2.74192e+16	9.30e-07	1.74e-02	9.80e-01	2.19e-03	0.00e+00	0.00e+00	0.00e+00	0.00e+00	0.00e+00	8.23e-07	5.66e-08	5.02e-08
 3.01611e+16	1.09e-06	1.87e-02	9.80e-01	1.37e-03	0.00e+00	0.00e+00	0.00e+00	0.00e+00	0.00e+00	9.65e-07	6.57e-08	5.84e-08
 3.31772e+16	1.29e-06	2.02e-02	9.79e-01	8.32e-04	0.00e+00	0.00e+00	0.00e+00	0.00e+00	0.00e+00	1.14e-06	7.71e-08	6.86e-08
 3.64523e+16	1.54e-06	2.19e-02	9.78e-01	4.90e-04	0.00e+00	0.00e+00	0.00e+00	0.00e+00	0.00e+00	1.37e-06	9.10e-08	8.12e-08
 3.99106e+16	1.84e-06	2.38e-02	9.76e-01	2.85e-04	0.00e+00	0.00e+00	0.00e+00	0.00e+00	0.00e+00	1.63e-06	1.08e-07	9.64e-08
 4.35071e+16	2.20e-06	2.58e-02	9.74e-01	1.65e-04	0.00e+00	0.00e+00	0.00e+00	0.00e+00	0.00e+00	1.96e-06	1.28e-07	1.15e-07
 4.72475e+16	2.63e-06	2.80e-02	9.72e-01	9.59e-05	0.00e+00	0.00e+00	0.00e+00	0.00e+00	0.00e+00	2.34e-06	1.52e-07	1.36e-07
 5.11376e+16	3.15e-06	3.04e-02	9.70e-01	5.56e-05	0.00e+00	0.00e+00	0.00e+00	0.00e+00	0.00e+00	2.81e-06	1.80e-07	1.62e-07
 5.51832e+16	3.77e-06	3.30e-02	9.67e-01	3.24e-05	0.00e+00	0.00e+00	0.00e+00	0.00e+00	0.00e+00	3.37e-06	2.15e-07	1.93e-07
 5.93907e+16	4.52e-06	3.58e-02	9.64e-01	1.90e-05	0.00e+00	0.00e+00	0.00e+00	0.00e+00	0.00e+00	4.04e-06	2.55e-07	2.30e-07
 6.37665e+16	5.43e-06	3.89e-02	9.61e-01	1.12e-05	0.00e+00	0.00e+00	0.00e+00	0.00e+00	0.00e+00	4.85e-06	3.05e-07	2.75e-07
 6.83172e+16	6.50e-06	4.23e-02	9.58e-01	6.71e-06	0.00e+00	0.00e+00	0.00e+00	0.00e+00	0.00e+00	5.81e-06	3.63e-07	3.28e-07
 7.30501e+16	7.81e-06	4.60e-02	9.54e-01	4.09e-06	0.00e+00	0.00e+00	0.00e+00	0.00e+00	0.00e+00	6.99e-06	4.34e-07	3.93e-07
 7.79722e+16	9.39e-06	5.00e-02	9.50e-01	2.55e-06	0.00e+00	0.00e+00	0.00e+00	0.00e+00	0.00e+00	8.40e-06	5.19e-07	4.70e-07
 8.30912e+16	1.13e-05	5.43e-02	9.46e-01	1.64e-06	0.00e+00	0.00e+00	0.00e+00	0.00e+00	0.00e+00	1.01e-05	6.20e-07	5.63e-07
 8.84150e+16	1.36e-05	5.91e-02	9.41e-01	1.09e-06	0.00e+00	0.00e+00	0.00e+00	0.00e+00	0.00e+00	1.22e-05	7.43e-07	6.75e-07
 9.39518e+16	1.63e-05	6.44e-02	9.36e-01	7.54e-07	0.00e+00	0.00e+00	0.00e+00	0.00e+00	0.00e+00	1.46e-05	8.91e-07	8.10e-07
 9.97100e+16	1.97e-05	7.01e-02	9.30e-01	0.00e+00	0.00e+00	0.00e+00	0.00e+00	0.00e+00	0.00e+00	1.77e-05	1.07e-06	9.73e-07
 1.05699e+17	2.38e-05	7.64e-02	9.24e-01	0.00e+00	0.00e+00	0.00e+00	0.00e+00	0.00e+00	0.00e+00	2.13e-05	1.28e-06	1.17e-06
 1.11927e+17	2.87e-05	8.34e-02	9.17e-01	0.00e+00	0.00e+00	0.00e+00	0.00e+00	0.00e+00	0.00e+00	2.57e-05	1.55e-06	1.41e-06
 1.18404e+17	3.47e-05	9.10e-02	9.09e-01	0.00e+00	0.00e+00	0.00e+00	0.00e+00	0.00e+00	0.00e+00	3.11e-05	1.86e-06	1.70e-06
 1.24887e+17	4.17e-05	9.91e-02	9.01e-01	0.00e+00	0.00e+00	0.00e+00	0.00e+00	0.00e+00	0.00e+00	3.74e-05	2.23e-06	2.04e-06
 1.31226e+17	4.95e-05	1.07e-01	8.93e-01	0.00e+00	0.00e+00	0.00e+00	0.00e+00	0.00e+00	0.00e+00	4.44e-05	2.64e-06	2.42e-06
 1.38072e+17	5.96e-05	1.17e-01	8.83e-01	0.00e+00	0.00e+00	0.00e+00	0.00e+00	0.00e+00	0.00e+00	5.35e-05	3.17e-06	2.90e-06
 1.45379e+17	7.20e-05	1.28e-01	8.72e-01	0.00e+00	0.00e+00	0.00e+00	0.00e+00	0.00e+00	0.00e+00	6.47e-05	3.82e-06	3.50e-06
 1.52288e+17	8.58e-05	1.38e-01	8.61e-01	0.00e+00	0.00e+00	0.00e+00	0.00e+00	0.00e+00	0.00e+00	7.71e-05	4.54e-06	4.16e-06
 1.58846e+17	1.01e-04	1.49e-01	8.51e-01	0.00e+00	0.00e+00	0.00e+00	0.00e+00	0.00e+00	0.00e+00	9.06e-05	5.32e-06	4.89e-06
 1.66356e+17	1.21e-04	1.63e-01	8.37e-01	0.00e+00	0.00e+00	0.00e+00	0.00e+00	0.00e+00	0.00e+00	1.09e-04	6.40e-06	5.88e-06
 1.74483e+17	1.47e-04	1.78e-01	8.22e-01	0.00e+00	0.00e+00	0.00e+00	0.00e+00	0.00e+00	0.00e+00	1.32e-04	7.73e-06	7.11e-06
 1.81761e+17	1.74e-04	1.92e-01	8.07e-01	0.00e+00	0.00e+00	0.00e+00	0.00e+00	0.00e+00	0.00e+00	1.57e-04	9.14e-06	8.41e-06
 1.88538e+17	2.04e-04	2.07e-01	7.93e-01	0.00e+00	0.00e+00	0.00e+00	0.00e+00	0.00e+00	0.00e+00	1.83e-04	1.07e-05	9.82e-06
 1.96321e+17	2.44e-04	2.25e-01	7.75e-01	0.00e+00	0.00e+00	0.00e+00	0.00e+00	0.00e+00	0.00e+00	2.20e-04	1.28e-05	1.18e-05
 2.04725e+17	2.96e-04	2.45e-01	7.55e-01	0.00e+00	0.00e+00	0.00e+00	0.00e+00	0.00e+00	0.00e+00	2.66e-04	1.54e-05	1.42e-05
 2.12165e+17	3.49e-04	2.64e-01	7.35e-01	0.00e+00	0.00e+00	0.00e+00	0.00e+00	0.00e+00	0.00e+00	3.14e-04	1.82e-05	1.68e-05
 2.18964e+17	4.08e-04	2.83e-01	7.16e-01	0.00e+00	0.00e+00	0.00e+00	0.00e+00	0.00e+00	0.00e+00	3.67e-04	2.12e-05	1.96e-05
 2.26697e+17	4.87e-04	3.07e-01	6.93e-01	0.00e+00	0.00e+00	0.00e+00	0.00e+00	0.00e+00	0.00e+00	4.39e-04	2.54e-05	2.34e-05
 2.34966e+17	5.90e-04	3.34e-01	6.66e-01	0.00e+00	0.00e+00	0.00e+00	0.00e+00	0.00e+00	0.00e+00	5.31e-04	3.06e-05	2.83e-05
 2.42120e+17	6.98e-04	3.59e-01	6.40e-01	0.00e+00	0.00e+00	0.00e+00	0.00e+00	0.00e+00	0.00e+00	6.28e-04	3.62e-05	3.34e-05
 2.48482e+17	8.12e-04	3.83e-01	6.16e-01	0.00e+00	0.00e+00	0.00e+00	0.00e+00	0.00e+00	0.00e+00	7.31e-04	4.21e-05	3.89e-05
 2.55630e+17	9.68e-04	4.13e-01	5.87e-01	0.00e+00	0.00e+00	0.00e+00	0.00e+00	0.00e+00	0.00e+00	8.72e-04	5.02e-05	4.64e-05
 2.63237e+17	1.17e-03	4.46e-01	5.53e-01	0.00e+00	0.00e+00	0.00e+00	0.00e+00	0.00e+00	0.00e+00	1.05e-03	6.07e-05	5.60e-05
 2.69699e+17	1.38e-03	4.77e-01	5.21e-01	0.00e+00	0.00e+00	0.00e+00	0.00e+00	0.00e+00	0.00e+00	1.25e-03	7.17e-05	6.62e-05
 2.75285e+17	1.61e-03	5.06e-01	4.92e-01	0.00e+00	0.00e+00	0.00e+00	0.00e+00	0.00e+00	0.00e+00	1.45e-03	8.32e-05	7.68e-05
 2.81477e+17	1.91e-03	5.41e-01	4.57e-01	0.00e+00	0.00e+00	0.00e+00	0.00e+00	0.00e+00	0.00e+00	1.72e-03	9.88e-05	9.12e-05
 2.88056e+17	2.31e-03	5.80e-01	4.18e-01	0.00e+00	0.00e+00	0.00e+00	0.00e+00	0.00e+00	0.00e+00	2.08e-03	1.19e-04	1.10e-04
 2.93577e+17	2.72e-03	6.15e-01	3.82e-01	0.00e+00	0.00e+00	0.00e+00	0.00e+00	0.00e+00	0.00e+00	2.45e-03	1.41e-04	1.30e-04
 2.98227e+17	3.15e-03	6.47e-01	3.50e-01	0.00e+00	0.00e+00	0.00e+00	0.00e+00	0.00e+00	0.00e+00	2.83e-03	1.63e-04	1.50e-04
 3.03306e+17	3.73e-03	6.83e-01	3.13e-01	0.00e+00	0.00e+00	0.00e+00	0.00e+00	0.00e+00	0.00e+00	3.36e-03	1.93e-04	1.78e-04
 3.08697e+17	4.49e-03	7.23e-01	2.72e-01	0.00e+00	0.00e+00	0.00e+00	0.00e+00	0.00e+00	0.00e+00	4.04e-03	2.32e-04	2.14e-04
 3.13203e+17	5.30e-03	7.58e-01	2.36e-01	0.00e+00	0.00e+00	0.00e+00	0.00e+00	0.00e+00	0.00e+00	4.77e-03	2.74e-04	2.53e-04
 3.16959e+17	6.12e-03	7.88e-01	2.06e-01	0.00e+00	0.00e+00	0.00e+00	0.00e+00	0.00e+00	0.00e+00	5.51e-03	3.17e-04	2.92e-04
 3.20370e+17	7.00e-03	8.15e-01	1.78e-01	0.00e+00	0.00e+00	0.00e+00	0.00e+00	0.00e+00	0.00e+00	6.30e-03	3.62e-04	3.34e-04
 3.23488e+17	8.00e-03	8.40e-01	1.52e-01	0.00e+00	0.00e+00	0.00e+00	0.00e+00	0.00e+00	0.00e+00	7.20e-03	4.14e-04	3.81e-04
 3.26155e+17	8.99e-03	8.60e-01	1.31e-01	0.00e+00	0.00e+00	0.00e+00	0.00e+00	0.00e+00	0.00e+00	8.10e-03	4.65e-04	4.28e-04
 3.28483e+17	1.00e-02	8.78e-01	1.12e-01	0.00e+00	0.00e+00	0.00e+00	0.00e+00	0.00e+00	0.00e+00	9.01e-03	5.17e-04	4.77e-04
 3.30716e+17	1.11e-02	8.94e-01	9.44e-02	0.00e+00	0.00e+00	0.00e+00	0.00e+00	0.00e+00	0.00e+00	1.00e-02	5.75e-04	5.30e-04
 3.32789e+17	1.23e-02	9.09e-01	7.88e-02	0.00e+00	0.00e+00	0.00e+00	0.00e+00	0.00e+00	0.00e+00	1.11e-02	6.37e-04	5.87e-04
 3.34616e+17	1.35e-02	9.21e-01	6.56e-02	0.00e+00	0.00e+00	0.00e+00	0.00e+00	0.00e+00	0.00e+00	1.22e-02	7.00e-04	6.45e-04
 3.36203e+17	1.48e-02	9.31e-01	5.46e-02	0.00e+00	0.00e+00	0.00e+00	0.00e+00	0.00e+00	0.00e+00	1.33e-02	7.64e-04	7.03e-04
 3.37630e+17	1.61e-02	9.39e-01	4.52e-02	0.00e+00	0.00e+00	0.00e+00	0.00e+00	0.00e+00	0.00e+00	1.45e-02	8.30e-04	7.65e-04
 3.38952e+17	1.73e-02	9.45e-01	3.72e-02	0.00e+00	0.00e+00	0.00e+00	0.00e+00	0.00e+00	0.00e+00	1.56e-02	8.94e-04	8.24e-04
 3.40180e+17	1.85e-02	9.51e-01	3.04e-02	0.00e+00	0.00e+00	0.00e+00	0.00e+00	0.00e+00	0.00e+00	1.67e-02	9.57e-04	8.81e-04
 3.41330e+17	1.98e-02	9.56e-01	2.44e-02	0.00e+00	0.00e+00	0.00e+00	0.00e+00	0.00e+00	0.00e+00	1.79e-02	1.02e-03	9.43e-04
 3.42398e+17	2.12e-02	9.59e-01	1.94e-02	0.00e+00	0.00e+00	0.00e+00	0.00e+00	0.00e+00	0.00e+00	1.91e-02	1.09e-03	1.01e-03
 3.43390e+17	2.25e-02	9.62e-01	1.53e-02	0.00e+00	0.00e+00	0.00e+00	0.00e+00	0.00e+00	0.00e+00	2.03e-02	1.16e-03	1.07e-03
 3.44343e+17	2.40e-02	9.64e-01	1.19e-02	0.00e+00	0.00e+00	0.00e+00	0.00e+00	0.00e+00	0.00e+00	2.16e-02	1.24e-03	1.14e-03
 3.45429e+17	2.58e-02	9.66e-01	8.63e-03	0.00e+00	0.00e+00	0.00e+00	0.00e+00	0.00e+00	0.00e+00	2.32e-02	1.33e-03	1.22e-03
 3.46600e+17	2.78e-02	9.66e-01	5.91e-03	0.00e+00	0.00e+00	0.00e+00	0.00e+00	0.00e+00	0.00e+00	2.51e-02	1.43e-03	1.32e-03
 3.47673e+17	3.01e-02	9.66e-01	4.02e-03	0.00e+00	0.00e+00	0.00e+00	0.00e+00	0.00e+00	0.00e+00	2.71e-02	1.55e-03	1.42e-03
 3.48859e+17	3.29e-02	9.65e-01	2.56e-03	0.00e+00	0.00e+00	0.00e+00	0.00e+00	0.00e+00	0.00e+00	2.96e-02	1.69e-03	1.56e-03
 3.50401e+17	3.71e-02	9.61e-01	1.39e-03	0.00e+00	0.00e+00	0.00e+00	0.00e+00	0.00e+00	0.00e+00	3.35e-02	1.90e-03	1.75e-03
 3.52407e+17	4.42e-02	9.55e-01	6.13e-04	0.00e+00	0.00e+00	0.00e+00	0.00e+00	0.00e+00	0.00e+00	3.98e-02	2.25e-03	2.08e-03
 3.54661e+17	5.52e-02	9.45e-01	2.37e-04	0.00e+00	0.00e+00	0.00e+00	0.00e+00	0.00e+00	0.00e+00	4.98e-02	2.80e-03	2.59e-03
 3.56676e+17	7.00e-02	9.30e-01	9.90e-05	0.00e+00	0.00e+00	0.00e+00	0.00e+00	0.00e+00	0.00e+00	6.32e-02	3.53e-03	3.26e-03
 3.58073e+17	8.51e-02	9.15e-01	5.35e-05	0.00e+00	0.00e+00	0.00e+00	0.00e+00	0.00e+00	0.00e+00	7.69e-02	4.25e-03	3.94e-03
 3.58921e+17	9.67e-02	9.03e-01	3.64e-05	0.00e+00	0.00e+00	0.00e+00	0.00e+00	0.00e+00	0.00e+00	8.74e-02	4.80e-03	4.45e-03
 3.59719e+17	1.11e-01	8.89e-01	2.46e-05	0.00e+00	0.00e+00	0.00e+00	0.00e+00	0.00e+00	0.00e+00	1.00e-01	5.44e-03	5.05e-03
 3.60757e+17	1.34e-01	8.66e-01	1.45e-05	0.00e+00	0.00e+00	0.00e+00	0.00e+00	0.00e+00	0.00e+00	1.21e-01	6.47e-03	6.03e-03
 3.61757e+17	1.63e-01	8.37e-01	8.61e-06	0.00e+00	0.00e+00	0.00e+00	0.00e+00	0.00e+00	0.00e+00	1.48e-01	7.74e-03	7.23e-03
 3.62446e+17	1.91e-01	8.09e-01	5.84e-06	0.00e+00	0.00e+00	0.00e+00	0.00e+00	0.00e+00	0.00e+00	1.74e-01	8.87e-03	8.33e-03
 3.62955e+17	2.16e-01	7.84e-01	4.30e-06	0.00e+00	0.00e+00	0.00e+00	0.00e+00	0.00e+00	0.00e+00	1.97e-01	9.85e-03	9.28e-03
 3.63495e+17	2.48e-01	7.52e-01	3.01e-06	0.00e+00	0.00e+00	0.00e+00	0.00e+00	0.00e+00	0.00e+00	2.27e-01	1.10e-02	1.04e-02
 3.64093e+17	2.91e-01	7.09e-01	2.00e-06	0.00e+00	0.00e+00	0.00e+00	0.00e+00	0.00e+00	0.00e+00	2.67e-01	1.25e-02	1.19e-02
 3.64614e+17	3.37e-01	6.63e-01	1.37e-06	0.00e+00	0.00e+00	0.00e+00	0.00e+00	0.00e+00	0.00e+00	3.10e-01	1.38e-02	1.33e-02
 3.64996e+17	3.77e-01	6.23e-01	1.02e-06	0.00e+00	0.00e+00	0.00e+00	0.00e+00	0.00e+00	0.00e+00	3.48e-01	1.49e-02	1.44e-02
 3.65264e+17	4.08e-01	5.92e-01	8.23e-07	0.00e+00	0.00e+00	0.00e+00	0.00e+00	0.00e+00	0.00e+00	3.77e-01	1.56e-02	1.51e-02
 3.65480e+17	4.35e-01	5.65e-01	0.00e+00	0.00e+00	0.00e+00	0.00e+00	0.00e+00	0.00e+00	0.00e+00	4.03e-01	1.61e-02	1.57e-02
 3.65686e+17	4.61e-01	5.39e-01	0.00e+00	0.00e+00	0.00e+00	0.00e+00	0.00e+00	0.00e+00	0.00e+00	4.28e-01	1.65e-02	1.62e-02
 3.65881e+17	4.87e-01	5.13e-01	0.00e+00	0.00e+00	0.00e+00	0.00e+00	0.00e+00	0.00e+00	0.00e+00	4.54e-01	1.69e-02	1.67e-02
 3.66055e+17	5.12e-01	4.88e-01	0.00e+00	0.00e+00	0.00e+00	0.00e+00	0.00e+00	0.00e+00	0.00e+00	4.78e-01	1.72e-02	1.70e-02
 3.66214e+17	5.35e-01	4.65e-01	0.00e+00	0.00e+00	0.00e+00	0.00e+00	0.00e+00	0.00e+00	0.00e+00	5.00e-01	1.74e-02	1.73e-02
 3.66361e+17	5.56e-01	4.44e-01	0.00e+00	0.00e+00	0.00e+00	0.00e+00	0.00e+00	0.00e+00	0.00e+00	5.21e-01	1.76e-02	1.75e-02
 3.66494e+17	5.76e-01	4.24e-01	0.00e+00	0.00e+00	0.00e+00	0.00e+00	0.00e+00	0.00e+00	0.00e+00	5.41e-01	1.76e-02	1.77e-02
 3.66620e+17	5.95e-01	4.05e-01	0.00e+00	0.00e+00	0.00e+00	0.00e+00	0.00e+00	0.00e+00	0.00e+00	5.59e-01	1.77e-02	1.78e-02
 3.66725e+17	6.10e-01	3.90e-01	0.00e+00	0.00e+00	0.00e+00	0.00e+00	0.00e+00	0.00e+00	0.00e+00	5.74e-01	1.77e-02	1.78e-02
 3.66803e+17	6.21e-01	3.79e-01	0.00e+00	0.00e+00	0.00e+00	0.00e+00	0.00e+00	0.00e+00	0.00e+00	5.86e-01	1.77e-02	1.79e-02
 3.66874e+17	6.32e-01	3.68e-01	0.00e+00	0.00e+00	0.00e+00	0.00e+00	0.00e+00	0.00e+00	0.00e+00	5.97e-01	1.76e-02	1.79e-02
 3.66951e+17	6.44e-01	3.56e-01	0.00e+00	0.00e+00	0.00e+00	0.00e+00	0.00e+00	0.00e+00	0.00e+00	6.09e-01	1.76e-02	1.78e-02
 3.67033e+17	6.57e-01	3.43e-01	0.00e+00	0.00e+00	0.00e+00	0.00e+00	0.00e+00	0.00e+00	0.00e+00	6.21e-01	1.75e-02	1.78e-02
 3.67112e+17	6.68e-01	3.32e-01	0.00e+00	0.00e+00	0.00e+00	0.00e+00	0.00e+00	0.00e+00	0.00e+00	6.33e-01	1.74e-02	1.78e-02
 3.67188e+17	6.80e-01	3.20e-01	0.00e+00	0.00e+00	0.00e+00	0.00e+00	0.00e+00	0.00e+00	0.00e+00	6.45e-01	1.73e-02	1.77e-02
 3.67264e+17	6.91e-01	3.09e-01	0.00e+00	0.00e+00	0.00e+00	0.00e+00	0.00e+00	0.00e+00	0.00e+00	6.56e-01	1.72e-02	1.76e-02
 3.67340e+17	7.02e-01	2.98e-01	0.00e+00	0.00e+00	0.00e+00	0.00e+00	0.00e+00	0.00e+00	0.00e+00	6.67e-01	1.71e-02	1.75e-02
 3.67415e+17	7.13e-01	2.87e-01	0.00e+00	0.00e+00	0.00e+00	0.00e+00	0.00e+00	0.00e+00	0.00e+00	6.78e-01	1.69e-02	1.73e-02
 3.67490e+17	7.23e-01	2.77e-01	0.00e+00	0.00e+00	0.00e+00	0.00e+00	0.00e+00	0.00e+00	0.00e+00	6.90e-01	1.67e-02	1.71e-02
 3.67563e+17	7.34e-01	2.66e-01	0.00e+00	0.00e+00	0.00e+00	0.00e+00	0.00e+00	0.00e+00	0.00e+00	7.00e-01	1.66e-02	1.69e-02
 3.67634e+17	7.44e-01	2.56e-01	0.00e+00	0.00e+00	0.00e+00	0.00e+00	0.00e+00	0.00e+00	0.00e+00	7.10e-01	1.64e-02	1.67e-02
 3.67706e+17	7.53e-01	2.47e-01	0.00e+00	0.00e+00	0.00e+00	0.00e+00	0.00e+00	0.00e+00	0.00e+00	7.21e-01	1.62e-02	1.65e-02
 3.67778e+17	7.63e-01	2.37e-01	0.00e+00	0.00e+00	0.00e+00	0.00e+00	0.00e+00	0.00e+00	0.00e+00	7.31e-01	1.60e-02	1.63e-02
 3.67850e+17	7.73e-01	2.27e-01	0.00e+00	0.00e+00	0.00e+00	0.00e+00	0.00e+00	0.00e+00	0.00e+00	7.41e-01	1.57e-02	1.60e-02
 3.67919e+17	7.81e-01	2.19e-01	0.00e+00	0.00e+00	0.00e+00	0.00e+00	0.00e+00	0.00e+00	0.00e+00	7.50e-01	1.55e-02	1.58e-02
 3.67987e+17	7.90e-01	2.10e-01	0.00e+00	0.00e+00	0.00e+00	0.00e+00	0.00e+00	0.00e+00	0.00e+00	7.59e-01	1.53e-02	1.55e-02
 3.68056e+17	7.98e-01	2.02e-01	0.00e+00	0.00e+00	0.00e+00	0.00e+00	0.00e+00	0.00e+00	0.00e+00	7.68e-01	1.50e-02	1.53e-02
 3.68123e+17	8.07e-01	1.93e-01	0.00e+00	0.00e+00	0.00e+00	0.00e+00	0.00e+00	0.00e+00	0.00e+00	7.77e-01	1.48e-02	1.50e-02
 3.68190e+17	8.15e-01	1.85e-01	0.00e+00	0.00e+00	0.00e+00	0.00e+00	0.00e+00	0.00e+00	0.00e+00	7.85e-01	1.46e-02	1.47e-02
 3.68255e+17	8.22e-01	1.78e-01	0.00e+00	0.00e+00	0.00e+00	0.00e+00	0.00e+00	0.00e+00	0.00e+00	7.94e-01	1.43e-02	1.44e-02
 3.68320e+17	8.30e-01	1.70e-01	0.00e+00	0.00e+00	0.00e+00	0.00e+00	0.00e+00	0.00e+00	0.00e+00	8.02e-01	1.41e-02	1.42e-02
 3.68383e+17	8.37e-01	1.63e-01	0.00e+00	0.00e+00	0.00e+00	0.00e+00	0.00e+00	0.00e+00	0.00e+00	8.09e-01	1.38e-02	1.39e-02
 3.68444e+17	8.44e-01	1.56e-01	0.00e+00	0.00e+00	0.00e+00	0.00e+00	0.00e+00	0.00e+00	0.00e+00	8.17e-01	1.36e-02	1.36e-02
 3.68504e+17	8.50e-01	1.50e-01	0.00e+00	0.00e+00	0.00e+00	0.00e+00	0.00e+00	0.00e+00	0.00e+00	8.24e-01	1.33e-02	1.33e-02
 3.68562e+17	8.57e-01	1.43e-01	0.00e+00	0.00e+00	0.00e+00	0.00e+00	0.00e+00	0.00e+00	0.00e+00	8.30e-01	1.31e-02	1.30e-02
 3.68620e+17	8.62e-01	1.38e-01	0.00e+00	0.00e+00	0.00e+00	0.00e+00	0.00e+00	0.00e+00	0.00e+00	8.37e-01	1.28e-02	1.27e-02
 3.68675e+17	8.68e-01	1.32e-01	0.00e+00	0.00e+00	0.00e+00	0.00e+00	0.00e+00	0.00e+00	0.00e+00	8.43e-01	1.26e-02	1.25e-02
 3.68729e+17	8.74e-01	1.26e-01	0.00e+00	0.00e+00	0.00e+00	0.00e+00	0.00e+00	0.00e+00	0.00e+00	8.49e-01	1.23e-02	1.22e-02
 3.68781e+17	8.79e-01	1.21e-01	0.00e+00	0.00e+00	0.00e+00	0.00e+00	0.00e+00	0.00e+00	0.00e+00	8.55e-01	1.21e-02	1.19e-02
 3.68831e+17	8.84e-01	1.16e-01	0.00e+00	0.00e+00	0.00e+00	0.00e+00	0.00e+00	0.00e+00	0.00e+00	8.61e-01	1.19e-02	1.16e-02
 3.68879e+17	8.89e-01	1.11e-01	0.00e+00	0.00e+00	0.00e+00	0.00e+00	0.00e+00	0.00e+00	0.00e+00	8.66e-01	1.16e-02	1.13e-02
 3.68922e+17	8.94e-01	1.06e-01	0.00e+00	0.00e+00	0.00e+00	0.00e+00	0.00e+00	0.00e+00	0.00e+00	8.71e-01	1.14e-02	1.10e-02
 3.68958e+17	8.98e-01	1.02e-01	0.00e+00	0.00e+00	0.00e+00	0.00e+00	0.00e+00	0.00e+00	0.00e+00	8.76e-01	1.12e-02	1.08e-02
 3.68989e+17	9.01e-01	9.90e-02	0.00e+00	0.00e+00	0.00e+00	0.00e+00	0.00e+00	0.00e+00	0.00e+00	8.79e-01	1.10e-02	1.06e-02
 3.69015e+17	9.04e-01	9.61e-02	0.00e+00	0.00e+00	0.00e+00	0.00e+00	0.00e+00	0.00e+00	0.00e+00	8.83e-01	1.08e-02	1.04e-02
 3.69038e+17	9.07e-01	9.34e-02	0.00e+00	0.00e+00	0.00e+00	0.00e+00	0.00e+00	0.00e+00	0.00e+00	8.86e-01	1.06e-02	1.02e-02
 3.69059e+17	9.09e-01	9.09e-02	0.00e+00	0.00e+00	0.00e+00	0.00e+00	0.00e+00	0.00e+00	0.00e+00	8.89e-01	1.05e-02	9.98e-03
 3.69077e+17	9.11e-01	8.86e-02	0.00e+00	0.00e+00	0.00e+00	0.00e+00	0.00e+00	0.00e+00	0.00e+00	8.91e-01	1.03e-02	9.82e-03
