#depth	He	He+	He+2
 7.73426e+09	1.83e-02	9.77e-01	4.50e-03
 4.64056e+10	1.83e-02	9.77e-01	4.50e-03
 2.01091e+11	1.83e-02	9.77e-01	4.49e-03
 8.19832e+11	1.83e-02	9.77e-01	4.47e-03
 1.95832e+12	1.83e-02	9.77e-01	4.49e-03
 3.43834e+12	1.82e-02	9.77e-01	4.49e-03
 5.36238e+12	1.82e-02	9.77e-01	4.47e-03
 7.86363e+12	1.82e-02	9.77e-01	4.42e-03
 1.11153e+13	1.82e-02	9.77e-01	4.32e-03
 1.53424e+13	1.82e-02	9.78e-01	4.18e-03
 2.08376e+13	1.82e-02	9.78e-01	3.96e-03
 2.79814e+13	1.83e-02	9.78e-01	3.66e-03
 3.72684e+13	1.84e-02	9.78e-01	3.26e-03
 4.93414e+13	1.85e-02	9.79e-01	2.77e-03
 6.50364e+13	1.88e-02	9.79e-01	2.21e-03
 8.54398e+13	1.91e-02	9.79e-01	1.62e-03
 1.11964e+14	1.96e-02	9.79e-01	1.07e-03
 1.46446e+14	2.04e-02	9.79e-01	6.18e-04
 1.91273e+14	2.15e-02	9.78e-01	3.05e-04
 2.49547e+14	2.34e-02	9.76e-01	1.24e-04
 2.96609e+14	2.48e-02	9.75e-01	5.96e-05
 3.26270e+14	2.62e-02	9.74e-01	3.86e-05
 3.58897e+14	2.79e-02	9.72e-01	2.42e-05
 3.94786e+14	3.01e-02	9.70e-01	1.47e-05
 4.34265e+14	3.30e-02	9.67e-01	8.66e-06
 4.77691e+14	3.70e-02	9.63e-01	4.95e-06
 5.20899e+14	4.19e-02	9.58e-01	2.92e-06
 5.58654e+14	4.76e-02	9.52e-01	1.89e-06
 5.91473e+14	5.39e-02	9.46e-01	1.31e-06
 6.27180e+14	6.29e-02	9.37e-01	8.69e-07
 6.62878e+14	7.49e-02	9.25e-01	5.97e-07
 6.90440e+14	8.78e-02	9.12e-01	4.51e-07
 7.13932e+14	1.03e-01	8.97e-01	3.53e-07
 7.35586e+14	1.20e-01	8.80e-01	2.80e-07
 7.55958e+14	1.42e-01	8.58e-01	2.25e-07
 7.75693e+14	1.71e-01	8.29e-01	1.79e-07
 7.93618e+14	2.07e-01	7.93e-01	1.46e-07
 8.09019e+14	2.50e-01	7.50e-01	1.20e-07
 8.22291e+14	2.98e-01	7.02e-01	9.89e-08
 8.34258e+14	3.52e-01	6.48e-01	8.09e-08
 8.45572e+14	4.17e-01	5.83e-01	6.54e-08
 8.56344e+14	4.92e-01	5.08e-01	5.14e-08
 8.66461e+14	5.71e-01	4.29e-01	3.92e-08
 8.75941e+14	6.50e-01	3.50e-01	2.89e-08
 8.86439e+14	7.36e-01	2.64e-01	1.96e-08
 9.00086e+14	8.31e-01	1.69e-01	1.10e-08
 9.14489e+14	9.03e-01	9.70e-02	5.54e-09
 9.27175e+14	9.42e-01	5.76e-02	2.95e-09
 9.37757e+14	9.63e-01	3.74e-02	1.76e-09
 9.45992e+14	9.73e-01	2.69e-02	1.19e-09
 9.53060e+14	9.80e-01	2.02e-02	8.54e-10
 9.60919e+14	9.85e-01	1.47e-02	5.88e-10
 9.69041e+14	9.89e-01	1.08e-02	4.14e-10
 9.75363e+14	9.91e-01	8.58e-03	3.21e-10
 9.80225e+14	9.93e-01	7.21e-03	2.66e-10
 9.85137e+14	9.94e-01	6.02e-03	2.20e-10
 9.90243e+14	9.95e-01	5.07e-03	1.86e-10
 9.94337e+14	9.96e-01	4.47e-03	1.66e-10
 9.97176e+14	9.96e-01	4.12e-03	1.56e-10
 9.99303e+14	9.96e-01	3.88e-03	1.49e-10
 1.00123e+15	9.96e-01	3.68e-03	1.44e-10
 1.00311e+15	9.97e-01	3.50e-03	1.39e-10
 1.00491e+15	9.97e-01	3.35e-03	1.36e-10
 1.00654e+15	9.97e-01	3.23e-03	1.35e-10
 1.00794e+15	9.97e-01	3.14e-03	1.34e-10
 1.00922e+15	9.97e-01	3.06e-03	1.34e-10
 1.01047e+15	9.97e-01	2.99e-03	1.33e-10
 1.01151e+15	9.97e-01	2.94e-03	1.34e-10
 1.01226e+15	9.97e-01	2.90e-03	1.35e-10
 1.01297e+15	9.97e-01	2.87e-03	1.36e-10
 1.01376e+15	9.97e-01	2.84e-03	1.36e-10
 1.01458e+15	9.97e-01	2.80e-03	1.37e-10
 1.01537e+15	9.97e-01	2.78e-03	1.39e-10
 1.01614e+15	9.97e-01	2.75e-03	1.40e-10
 1.01690e+15	9.97e-01	2.73e-03	1.42e-10
 1.01766e+15	9.97e-01	2.70e-03	1.44e-10
 1.01841e+15	9.97e-01	2.69e-03	1.46e-10
 1.01916e+15	9.97e-01	2.67e-03	1.48e-10
 1.01991e+15	9.97e-01	2.66e-03	1.51e-10
 1.02065e+15	9.97e-01	2.64e-03	1.54e-10
 1.02139e+15	9.97e-01	2.63e-03	1.57e-10
 1.02211e+15	9.97e-01	2.62e-03	1.60e-10
 1.02282e+15	9.97e-01	2.61e-03	1.64e-10
 1.02355e+15	9.97e-01	2.60e-03	1.68e-10
 1.02428e+15	9.97e-01	2.60e-03	1.72e-10
 1.02498e+15	9.97e-01	2.59e-03	1.76e-10
 1.02568e+15	9.97e-01	2.59e-03	1.81e-10
 1.02639e+15	9.97e-01	2.59e-03	1.85e-10
 1.02709e+15	9.97e-01	2.59e-03	1.91e-10
 1.02777e+15	9.97e-01	2.59e-03	1.96e-10
 1.02844e+15	9.97e-01	2.59e-03	2.01e-10
 1.02911e+15	9.97e-01	2.60e-03	2.07e-10
 1.02978e+15	9.97e-01	2.60e-03	2.13e-10
 1.03044e+15	9.97e-01	2.61e-03	2.19e-10
 1.03108e+15	9.97e-01	2.61e-03	2.26e-10
 1.03172e+15	9.97e-01	2.62e-03	2.32e-10
 1.03236e+15	9.97e-01	2.63e-03	2.40e-10
 1.03299e+15	9.97e-01	2.63e-03	2.47e-10
 1.03360e+15	9.97e-01	2.64e-03	2.55e-10
 1.03421e+15	9.97e-01	2.65e-03	2.62e-10
 1.03482e+15	9.97e-01	2.66e-03	2.71e-10
 1.03543e+15	9.97e-01	2.67e-03	2.79e-10
 1.03603e+15	9.97e-01	2.68e-03	2.88e-10
 1.03662e+15	9.97e-01	2.70e-03	2.97e-10
 1.03722e+15	9.97e-01	2.71e-03	3.07e-10
 1.03780e+15	9.97e-01	2.72e-03	3.16e-10
 1.03838e+15	9.97e-01	2.73e-03	3.26e-10
 1.03896e+15	9.97e-01	2.75e-03	3.36e-10
 1.03954e+15	9.97e-01	2.76e-03	3.47e-10
 1.04012e+15	9.97e-01	2.78e-03	3.59e-10
 1.04068e+15	9.97e-01	2.79e-03	3.70e-10
 1.04125e+15	9.97e-01	2.81e-03	3.82e-10
 1.04181e+15	9.97e-01	2.82e-03	3.94e-10
 1.04237e+15	9.97e-01	2.84e-03	4.05e-10
 1.04293e+15	9.97e-01	2.86e-03	4.18e-10
 1.04349e+15	9.97e-01	2.87e-03	4.31e-10
 1.04404e+15	9.97e-01	2.89e-03	4.46e-10
 1.04459e+15	9.97e-01	2.91e-03	4.60e-10
 1.04512e+15	9.97e-01	2.93e-03	4.73e-10
 1.04566e+15	9.97e-01	2.94e-03	4.88e-10
 1.04620e+15	9.97e-01	2.96e-03	5.03e-10
 1.04674e+15	9.97e-01	2.98e-03	5.18e-10
 1.04726e+15	9.97e-01	3.00e-03	5.33e-10
 1.04778e+15	9.97e-01	3.02e-03	5.49e-10
 1.04830e+15	9.97e-01	3.04e-03	5.65e-10
 1.04881e+15	9.97e-01	3.07e-03	5.81e-10
 1.04931e+15	9.97e-01	3.09e-03	5.98e-10
 1.04981e+15	9.97e-01	3.11e-03	6.14e-10
 1.05030e+15	9.97e-01	3.14e-03	6.31e-10
 1.05077e+15	9.97e-01	3.16e-03	6.48e-10
 1.05124e+15	9.97e-01	3.19e-03	6.65e-10
 1.05170e+15	9.97e-01	3.22e-03	6.81e-10
 1.05214e+15	9.97e-01	3.25e-03	6.97e-10
 1.05255e+15	9.97e-01	3.28e-03	7.12e-10
 1.05292e+15	9.97e-01	3.30e-03	7.24e-10
