#depth	He	He+	He+2
 5.41560e+08	1.49e-01	8.51e-01	4.21e-04
 3.24936e+09	1.49e-01	8.51e-01	4.19e-04
 1.40806e+10	1.49e-01	8.50e-01	4.18e-04
 5.74054e+10	1.49e-01	8.50e-01	4.16e-04
 1.37123e+11	1.49e-01	8.50e-01	4.16e-04
 2.40756e+11	1.49e-01	8.50e-01	4.15e-04
 3.75479e+11	1.50e-01	8.50e-01	4.11e-04
 5.50619e+11	1.51e-01	8.49e-01	4.05e-04
 7.78300e+11	1.52e-01	8.47e-01	3.96e-04
 1.07429e+12	1.55e-01	8.45e-01	3.83e-04
 1.45907e+12	1.59e-01	8.41e-01	3.65e-04
 1.95928e+12	1.65e-01	8.35e-01	3.41e-04
 2.60957e+12	1.74e-01	8.25e-01	3.10e-04
 3.45493e+12	1.90e-01	8.10e-01	2.70e-04
 4.44102e+12	2.11e-01	7.89e-01	2.28e-04
 5.43193e+12	2.39e-01	7.61e-01	1.90e-04
 6.32923e+12	2.71e-01	7.29e-01	1.59e-04
 7.08422e+12	3.06e-01	6.94e-01	1.34e-04
 7.71498e+12	3.42e-01	6.58e-01	1.15e-04
 8.27278e+12	3.79e-01	6.21e-01	9.98e-05
 8.78752e+12	4.19e-01	5.81e-01	8.63e-05
 9.26283e+12	4.60e-01	5.40e-01	7.48e-05
 9.70103e+12	5.02e-01	4.98e-01	6.50e-05
 1.01110e+13	5.44e-01	4.56e-01	5.66e-05
 1.04961e+13	5.85e-01	4.15e-01	4.94e-05
 1.08305e+13	6.21e-01	3.79e-01	4.38e-05
 1.10903e+13	6.49e-01	3.51e-01	4.01e-05
 1.12901e+13	6.70e-01	3.30e-01	3.74e-05
 1.14612e+13	6.88e-01	3.12e-01	3.52e-05
 1.16261e+13	7.05e-01	2.95e-01	3.33e-05
 1.17854e+13	7.21e-01	2.79e-01	3.16e-05
 1.19286e+13	7.34e-01	2.66e-01	3.03e-05
 1.20558e+13	7.45e-01	2.55e-01	2.92e-05
 1.21715e+13	7.55e-01	2.44e-01	2.82e-05
 1.22842e+13	7.65e-01	2.35e-01	2.75e-05
 1.23948e+13	7.74e-01	2.26e-01	2.66e-05
 1.25007e+13	7.82e-01	2.18e-01	2.61e-05
 1.25887e+13	7.88e-01	2.12e-01	2.55e-05
 1.26531e+13	7.93e-01	2.07e-01	2.52e-05
 1.27138e+13	7.97e-01	2.03e-01	2.49e-05
 1.27815e+13	8.02e-01	1.98e-01	2.45e-05
 1.28517e+13	8.06e-01	1.94e-01	2.43e-05
 1.29209e+13	8.11e-01	1.89e-01	2.39e-05
 1.29887e+13	8.15e-01	1.85e-01	2.37e-05
 1.30557e+13	8.19e-01	1.81e-01	2.34e-05
 1.31234e+13	8.23e-01	1.77e-01	2.33e-05
 1.31918e+13	8.27e-01	1.73e-01	2.31e-05
 1.32602e+13	8.31e-01	1.69e-01	2.28e-05
 1.33272e+13	8.34e-01	1.66e-01	2.27e-05
 1.33938e+13	8.38e-01	1.62e-01	2.25e-05
 1.34615e+13	8.41e-01	1.59e-01	2.24e-05
 1.35292e+13	8.44e-01	1.56e-01	2.23e-05
 1.35967e+13	8.48e-01	1.52e-01	2.21e-05
 1.36641e+13	8.51e-01	1.49e-01	2.21e-05
 1.37317e+13	8.54e-01	1.46e-01	2.20e-05
 1.38001e+13	8.56e-01	1.44e-01	2.19e-05
 1.38674e+13	8.59e-01	1.41e-01	2.19e-05
 1.39345e+13	8.62e-01	1.38e-01	2.18e-05
 1.40026e+13	8.65e-01	1.35e-01	2.18e-05
 1.40708e+13	8.67e-01	1.33e-01	2.18e-05
 1.41384e+13	8.69e-01	1.31e-01	2.17e-05
 1.42059e+13	8.72e-01	1.28e-01	2.17e-05
 1.42734e+13	8.74e-01	1.26e-01	2.17e-05
 1.43407e+13	8.76e-01	1.24e-01	2.18e-05
 1.44078e+13	8.78e-01	1.21e-01	2.17e-05
 1.44747e+13	8.81e-01	1.19e-01	2.17e-05
 1.45417e+13	8.83e-01	1.17e-01	2.18e-05
 1.46085e+13	8.84e-01	1.16e-01	2.18e-05
 1.46749e+13	8.86e-01	1.14e-01	2.18e-05
 1.47417e+13	8.88e-01	1.12e-01	2.18e-05
 1.48090e+13	8.90e-01	1.10e-01	2.18e-05
 1.48757e+13	8.92e-01	1.08e-01	2.19e-05
 1.49419e+13	8.94e-01	1.06e-01	2.19e-05
 1.50089e+13	8.95e-01	1.05e-01	2.20e-05
 1.50762e+13	8.97e-01	1.03e-01	2.20e-05
 1.51431e+13	8.99e-01	1.01e-01	2.20e-05
 1.52103e+13	9.00e-01	9.96e-02	2.20e-05
 1.52782e+13	9.02e-01	9.80e-02	2.20e-05
 1.53462e+13	9.04e-01	9.63e-02	2.20e-05
 1.54146e+13	9.05e-01	9.48e-02	2.20e-05
 1.54831e+13	9.07e-01	9.32e-02	2.20e-05
 1.55520e+13	9.08e-01	9.16e-02	2.20e-05
 1.56214e+13	9.10e-01	9.00e-02	2.19e-05
 1.56914e+13	9.11e-01	8.86e-02	2.20e-05
 1.57618e+13	9.13e-01	8.70e-02	2.19e-05
 1.58322e+13	9.14e-01	8.55e-02	2.19e-05
 1.59035e+13	9.16e-01	8.40e-02	2.18e-05
 1.59762e+13	9.17e-01	8.25e-02	2.17e-05
 1.60492e+13	9.19e-01	8.10e-02	2.16e-05
 1.61219e+13	9.21e-01	7.95e-02	2.15e-05
 1.61957e+13	9.22e-01	7.79e-02	2.14e-05
 1.62712e+13	9.24e-01	7.65e-02	2.13e-05
 1.63472e+13	9.25e-01	7.49e-02	2.12e-05
 1.64232e+13	9.27e-01	7.34e-02	2.10e-05
 1.65004e+13	9.28e-01	7.19e-02	2.08e-05
 1.65794e+13	9.30e-01	7.04e-02	2.07e-05
 1.66590e+13	9.31e-01	6.88e-02	2.05e-05
 1.67393e+13	9.33e-01	6.73e-02	2.02e-05
 1.68207e+13	9.34e-01	6.58e-02	2.00e-05
 1.69033e+13	9.36e-01	6.43e-02	1.98e-05
 1.69868e+13	9.37e-01	6.27e-02	1.95e-05
 1.70720e+13	9.39e-01	6.12e-02	1.92e-05
 1.71583e+13	9.40e-01	5.97e-02	1.89e-05
 1.72460e+13	9.42e-01	5.82e-02	1.86e-05
 1.73349e+13	9.43e-01	5.67e-02	1.83e-05
 1.74237e+13	9.45e-01	5.51e-02	1.79e-05
 1.75152e+13	9.46e-01	5.36e-02	1.75e-05
 1.76097e+13	9.48e-01	5.21e-02	1.71e-05
 1.77051e+13	9.49e-01	5.06e-02	1.67e-05
 1.78005e+13	9.51e-01	4.91e-02	1.63e-05
 1.78978e+13	9.52e-01	4.76e-02	1.59e-05
 1.79973e+13	9.54e-01	4.61e-02	1.55e-05
 1.80978e+13	9.55e-01	4.46e-02	1.50e-05
 1.81998e+13	9.57e-01	4.32e-02	1.46e-05
 1.83039e+13	9.58e-01	4.18e-02	1.42e-05
 1.84088e+13	9.60e-01	4.03e-02	1.37e-05
 1.85160e+13	9.61e-01	3.89e-02	1.32e-05
 1.86253e+13	9.62e-01	3.75e-02	1.28e-05
 1.87350e+13	9.64e-01	3.62e-02	1.23e-05
 1.88460e+13	9.65e-01	3.49e-02	1.19e-05
 1.89574e+13	9.66e-01	3.36e-02	1.14e-05
 1.90714e+13	9.68e-01	3.23e-02	1.09e-05
 1.91888e+13	9.69e-01	3.11e-02	1.05e-05
 1.93061e+13	9.70e-01	2.99e-02	1.00e-05
 1.94236e+13	9.71e-01	2.87e-02	9.65e-06
 1.95389e+13	9.72e-01	2.77e-02	9.25e-06
 1.96536e+13	9.73e-01	2.66e-02	8.85e-06
 1.97732e+13	9.74e-01	2.56e-02	8.46e-06
 1.98944e+13	9.75e-01	2.46e-02	8.08e-06
 2.00138e+13	9.76e-01	2.36e-02	7.72e-06
 2.01335e+13	9.77e-01	2.27e-02	7.37e-06
 2.02543e+13	9.78e-01	2.19e-02	7.04e-06
 2.03754e+13	9.79e-01	2.10e-02	6.71e-06
 2.04960e+13	9.80e-01	2.02e-02	6.40e-06
 2.06169e+13	9.81e-01	1.95e-02	6.11e-06
 2.07375e+13	9.81e-01	1.88e-02	5.83e-06
 2.08574e+13	9.82e-01	1.81e-02	5.56e-06
 2.09757e+13	9.83e-01	1.75e-02	5.31e-06
 2.10928e+13	9.83e-01	1.69e-02	5.07e-06
 2.12101e+13	9.84e-01	1.63e-02	4.84e-06
 2.13270e+13	9.84e-01	1.58e-02	4.63e-06
 2.14410e+13	9.85e-01	1.54e-02	4.46e-06
