#depth	He	He+	He+2
 1.10205e+12	1.40e-04	7.11e-01	2.89e-01
 6.61228e+12	1.40e-04	7.11e-01	2.89e-01
 2.86532e+13	1.40e-04	7.11e-01	2.89e-01
 1.16817e+14	1.40e-04	7.13e-01	2.87e-01
 2.79038e+14	1.40e-04	7.14e-01	2.86e-01
 4.89926e+14	1.41e-04	7.15e-01	2.84e-01
 7.64080e+14	1.42e-04	7.19e-01	2.81e-01
 1.12048e+15	1.44e-04	7.24e-01	2.76e-01
 1.58380e+15	1.48e-04	7.32e-01	2.67e-01
 2.18612e+15	1.52e-04	7.44e-01	2.56e-01
 2.96913e+15	1.60e-04	7.60e-01	2.40e-01
 3.98704e+15	1.70e-04	7.82e-01	2.18e-01
 5.31033e+15	1.85e-04	8.11e-01	1.89e-01
 7.03060e+15	2.05e-04	8.46e-01	1.54e-01
 9.16306e+15	2.31e-04	8.85e-01	1.15e-01
 1.15297e+16	2.61e-04	9.19e-01	8.04e-02
 1.39910e+16	2.92e-04	9.46e-01	5.36e-02
 1.65508e+16	3.24e-04	9.65e-01	3.44e-02
 1.92130e+16	3.58e-04	9.78e-01	2.14e-02
 2.19817e+16	3.93e-04	9.87e-01	1.30e-02
 2.45628e+16	4.26e-04	9.91e-01	8.21e-03
 2.70191e+16	4.58e-04	9.94e-01	5.31e-03
 2.97210e+16	4.94e-04	9.96e-01	3.31e-03
 3.26931e+16	5.35e-04	9.97e-01	1.99e-03
 3.59350e+16	5.82e-04	9.98e-01	1.15e-03
 3.93725e+16	6.32e-04	9.99e-01	6.59e-04
 4.29475e+16	6.87e-04	9.99e-01	3.75e-04
 4.66656e+16	7.47e-04	9.99e-01	2.13e-04
 5.05323e+16	8.11e-04	9.99e-01	1.21e-04
 5.45538e+16	8.81e-04	9.99e-01	6.87e-05
 5.87360e+16	9.56e-04	9.99e-01	3.91e-05
 6.30856e+16	1.04e-03	9.99e-01	2.23e-05
 6.76092e+16	1.13e-03	9.99e-01	1.28e-05
 7.23137e+16	1.22e-03	9.99e-01	7.37e-06
 7.72064e+16	1.33e-03	9.99e-01	4.27e-06
 8.22948e+16	1.44e-03	9.99e-01	2.48e-06
 8.75867e+16	1.56e-03	9.98e-01	1.45e-06
 9.30903e+16	1.70e-03	9.98e-01	8.47e-07
 9.88141e+16	1.84e-03	9.98e-01	4.97e-07
 1.04767e+17	2.01e-03	9.98e-01	2.93e-07
 1.10958e+17	2.18e-03	9.98e-01	1.73e-07
 1.17159e+17	2.37e-03	9.98e-01	1.05e-07
 1.23238e+17	2.56e-03	9.97e-01	6.51e-08
 1.29796e+17	2.78e-03	9.97e-01	3.96e-08
 1.36770e+17	3.03e-03	9.97e-01	2.40e-08
 1.43509e+17	3.28e-03	9.97e-01	1.52e-08
 1.50023e+17	3.54e-03	9.96e-01	9.89e-09
 1.57310e+17	3.86e-03	9.96e-01	6.21e-09
 1.65101e+17	4.23e-03	9.96e-01	3.94e-09
 1.72110e+17	4.58e-03	9.95e-01	2.69e-09
 1.79660e+17	5.00e-03	9.95e-01	1.82e-09
 1.87798e+17	5.50e-03	9.95e-01	1.26e-09
 1.95000e+17	5.98e-03	9.94e-01	9.45e-10
 2.01612e+17	6.47e-03	9.94e-01	7.51e-10
 2.09158e+17	7.10e-03	9.93e-01	5.99e-10
 2.17257e+17	7.85e-03	9.92e-01	4.98e-10
 2.24317e+17	8.60e-03	9.91e-01	4.39e-10
 2.30650e+17	9.36e-03	9.91e-01	4.02e-10
 2.37794e+17	1.04e-02	9.90e-01	3.72e-10
 2.45404e+17	1.16e-02	9.88e-01	3.52e-10
 2.51901e+17	1.28e-02	9.87e-01	3.40e-10
 2.57570e+17	1.40e-02	9.86e-01	3.33e-10
 2.63881e+17	1.57e-02	9.84e-01	3.28e-10
 2.70600e+17	1.78e-02	9.82e-01	3.25e-10
 2.76272e+17	2.00e-02	9.80e-01	3.24e-10
 2.81099e+17	2.23e-02	9.78e-01	3.25e-10
 2.86400e+17	2.54e-02	9.75e-01	3.26e-10
 2.92033e+17	2.94e-02	9.71e-01	3.28e-10
 2.96755e+17	3.39e-02	9.66e-01	3.31e-10
 3.00716e+17	3.86e-02	9.61e-01	3.35e-10
 3.05031e+17	4.53e-02	9.55e-01	3.38e-10
 3.09663e+17	5.50e-02	9.45e-01	3.42e-10
 3.13572e+17	6.65e-02	9.33e-01	3.48e-10
 3.16384e+17	7.74e-02	9.23e-01	3.56e-10
 3.18399e+17	8.77e-02	9.12e-01	3.60e-10
 3.20510e+17	1.01e-01	8.99e-01	3.65e-10
 3.22874e+17	1.20e-01	8.80e-01	3.71e-10
 3.25145e+17	1.46e-01	8.54e-01	3.73e-10
 3.27173e+17	1.77e-01	8.23e-01	3.83e-10
 3.28869e+17	2.13e-01	7.87e-01	3.88e-10
 3.30213e+17	2.50e-01	7.50e-01	3.85e-10
 3.31278e+17	2.87e-01	7.13e-01	3.90e-10
 3.32401e+17	3.35e-01	6.65e-01	3.84e-10
 3.33608e+17	3.98e-01	6.02e-01	3.69e-10
 3.34632e+17	4.62e-01	5.38e-01	3.62e-10
 3.35506e+17	5.27e-01	4.73e-01	3.37e-10
 3.36474e+17	6.04e-01	3.96e-01	3.03e-10
 3.37732e+17	7.04e-01	2.96e-01	2.53e-10
 3.39085e+17	8.04e-01	1.96e-01	1.86e-10
 3.40561e+17	8.84e-01	1.16e-01	1.19e-10
 3.42478e+17	9.45e-01	5.51e-02	6.25e-11
 3.44644e+17	9.76e-01	2.37e-02	2.95e-11
 3.46624e+17	9.88e-01	1.18e-02	1.62e-11
 3.48038e+17	9.92e-01	7.75e-03	1.15e-11
 3.48907e+17	9.94e-01	6.16e-03	1.01e-11
 3.49721e+17	9.95e-01	5.02e-03	8.94e-12
 3.50780e+17	9.96e-01	3.96e-03	8.08e-12
 3.51799e+17	9.97e-01	3.26e-03	7.87e-12
 3.52489e+17	9.97e-01	2.89e-03	8.05e-12
 3.52985e+17	9.97e-01	2.65e-03	8.46e-12
 3.53509e+17	9.98e-01	2.41e-03	9.02e-12
 3.54096e+17	9.98e-01	2.16e-03	9.98e-12
 3.54616e+17	9.98e-01	1.94e-03	1.12e-11
 3.54996e+17	9.98e-01	1.78e-03	1.25e-11
 3.55260e+17	9.98e-01	1.67e-03	1.35e-11
 3.55474e+17	9.98e-01	1.59e-03	1.44e-11
 3.55677e+17	9.99e-01	1.50e-03	1.55e-11
 3.55874e+17	9.99e-01	1.42e-03	1.67e-11
 3.56052e+17	9.99e-01	1.35e-03	1.80e-11
 3.56208e+17	9.99e-01	1.30e-03	1.93e-11
 3.56346e+17	9.99e-01	1.25e-03	2.06e-11
 3.56477e+17	9.99e-01	1.21e-03	2.20e-11
 3.56605e+17	9.99e-01	1.17e-03	2.35e-11
 3.56707e+17	9.99e-01	1.15e-03	2.48e-11
 3.56781e+17	9.99e-01	1.13e-03	2.58e-11
 3.56852e+17	9.99e-01	1.11e-03	2.70e-11
 3.56931e+17	9.99e-01	1.09e-03	2.83e-11
 3.57013e+17	9.99e-01	1.07e-03	2.97e-11
 3.57092e+17	9.99e-01	1.05e-03	3.12e-11
 3.57167e+17	9.99e-01	1.04e-03	3.28e-11
 3.57243e+17	9.99e-01	1.02e-03	3.45e-11
 3.57318e+17	9.99e-01	1.01e-03	3.63e-11
 3.57394e+17	9.99e-01	9.97e-04	3.83e-11
 3.57468e+17	9.99e-01	9.84e-04	4.02e-11
 3.57540e+17	9.99e-01	9.73e-04	4.24e-11
 3.57611e+17	9.99e-01	9.63e-04	4.47e-11
 3.57683e+17	9.99e-01	9.53e-04	4.71e-11
 3.57754e+17	9.99e-01	9.44e-04	4.97e-11
 3.57825e+17	9.99e-01	9.35e-04	5.23e-11
 3.57894e+17	9.99e-01	9.27e-04	5.51e-11
 3.57961e+17	9.99e-01	9.21e-04	5.83e-11
 3.58029e+17	9.99e-01	9.13e-04	6.13e-11
 3.58097e+17	9.99e-01	9.07e-04	6.47e-11
 3.58162e+17	9.99e-01	9.02e-04	6.81e-11
 3.58227e+17	9.99e-01	8.96e-04	7.17e-11
 3.58291e+17	9.99e-01	8.92e-04	7.55e-11
 3.58354e+17	9.99e-01	8.87e-04	7.94e-11
 3.58413e+17	9.99e-01	8.83e-04	8.33e-11
 3.58471e+17	9.99e-01	8.80e-04	8.72e-11
 3.58528e+17	9.99e-01	8.76e-04	9.14e-11
 3.58584e+17	9.99e-01	8.73e-04	9.55e-11
 3.58638e+17	9.99e-01	8.69e-04	9.95e-11
 3.58690e+17	9.99e-01	8.65e-04	1.04e-10
 3.58739e+17	9.99e-01	8.61e-04	1.07e-10
 3.58785e+17	9.99e-01	8.56e-04	1.11e-10
 3.58824e+17	9.99e-01	8.49e-04	1.13e-10
 3.58857e+17	9.99e-01	8.39e-04	1.15e-10
 3.58887e+17	9.99e-01	8.08e-04	1.13e-10
 3.58912e+17	9.99e-01	8.16e-04	1.16e-10
 3.58935e+17	9.99e-01	8.29e-04	1.20e-10
 3.58955e+17	9.99e-01	8.31e-04	1.22e-10
