#depth	O	O+	O+2	O+3	O+4	O+5	O+6	O+7	O+8	O[1]	O[2]	O[3]
 8.12304e+10	2.97e-05	8.02e-02	9.03e-01	1.71e-02	0.00e+00	0.00e+00	0.00e+00	0.00e+00	0.00e+00	2.07e-05	6.11e-06	2.95e-06
 4.87383e+11	2.97e-05	8.02e-02	9.03e-01	1.71e-02	1.77e-07	0.00e+00	0.00e+00	0.00e+00	0.00e+00	2.06e-05	6.11e-06	2.95e-06
 2.11199e+12	2.97e-05	8.02e-02	9.03e-01	1.71e-02	0.00e+00	0.00e+00	0.00e+00	0.00e+00	0.00e+00	2.07e-05	6.12e-06	2.96e-06
 8.61043e+12	2.98e-05	8.03e-02	9.03e-01	1.69e-02	0.00e+00	0.00e+00	0.00e+00	0.00e+00	0.00e+00	2.07e-05	6.12e-06	2.96e-06
 2.05675e+13	2.97e-05	8.02e-02	9.03e-01	1.66e-02	0.00e+00	0.00e+00	0.00e+00	0.00e+00	0.00e+00	2.07e-05	6.11e-06	2.96e-06
 3.61118e+13	2.97e-05	8.02e-02	9.04e-01	1.62e-02	0.00e+00	0.00e+00	0.00e+00	0.00e+00	0.00e+00	2.07e-05	6.11e-06	2.96e-06
 5.63193e+13	2.97e-05	8.02e-02	9.04e-01	1.58e-02	0.00e+00	0.00e+00	0.00e+00	0.00e+00	0.00e+00	2.07e-05	6.11e-06	2.96e-06
 8.25891e+13	2.98e-05	8.02e-02	9.05e-01	1.52e-02	0.00e+00	0.00e+00	0.00e+00	0.00e+00	0.00e+00	2.07e-05	6.11e-06	2.96e-06
 1.16740e+14	2.98e-05	8.02e-02	9.05e-01	1.44e-02	0.00e+00	0.00e+00	0.00e+00	0.00e+00	0.00e+00	2.07e-05	6.12e-06	2.96e-06
 1.61136e+14	2.98e-05	8.02e-02	9.06e-01	1.35e-02	0.00e+00	0.00e+00	0.00e+00	0.00e+00	0.00e+00	2.07e-05	6.12e-06	2.96e-06
 2.18851e+14	2.98e-05	8.03e-02	9.07e-01	1.24e-02	0.00e+00	0.00e+00	0.00e+00	0.00e+00	0.00e+00	2.07e-05	6.13e-06	2.97e-06
 2.93880e+14	2.99e-05	8.04e-02	9.08e-01	1.11e-02	0.00e+00	0.00e+00	0.00e+00	0.00e+00	0.00e+00	2.08e-05	6.15e-06	2.98e-06
 3.91418e+14	3.01e-05	8.07e-02	9.10e-01	9.55e-03	0.00e+00	0.00e+00	0.00e+00	0.00e+00	0.00e+00	2.09e-05	6.18e-06	2.99e-06
 5.18217e+14	3.04e-05	8.12e-02	9.11e-01	7.84e-03	0.00e+00	0.00e+00	0.00e+00	0.00e+00	0.00e+00	2.11e-05	6.24e-06	3.02e-06
 6.83056e+14	3.08e-05	8.20e-02	9.12e-01	6.04e-03	0.00e+00	0.00e+00	0.00e+00	0.00e+00	0.00e+00	2.14e-05	6.33e-06	3.06e-06
 8.97347e+14	3.15e-05	8.32e-02	9.12e-01	4.30e-03	0.00e+00	0.00e+00	0.00e+00	0.00e+00	0.00e+00	2.19e-05	6.46e-06	3.13e-06
 1.17592e+15	3.24e-05	8.48e-02	9.12e-01	2.75e-03	0.00e+00	0.00e+00	0.00e+00	0.00e+00	0.00e+00	2.26e-05	6.64e-06	3.22e-06
 1.53808e+15	3.37e-05	8.69e-02	9.11e-01	1.54e-03	0.00e+00	0.00e+00	0.00e+00	0.00e+00	0.00e+00	2.34e-05	6.90e-06	3.34e-06
 2.00887e+15	3.53e-05	8.95e-02	9.10e-01	7.38e-04	0.00e+00	0.00e+00	0.00e+00	0.00e+00	0.00e+00	2.46e-05	7.23e-06	3.51e-06
 2.62091e+15	3.76e-05	9.28e-02	9.07e-01	2.92e-04	0.00e+00	0.00e+00	0.00e+00	0.00e+00	0.00e+00	2.62e-05	7.69e-06	3.73e-06
 3.11518e+15	3.89e-05	9.50e-02	9.05e-01	1.43e-04	0.00e+00	0.00e+00	0.00e+00	0.00e+00	0.00e+00	2.71e-05	7.95e-06	3.86e-06
 3.42670e+15	4.01e-05	9.66e-02	9.03e-01	9.19e-05	0.00e+00	0.00e+00	0.00e+00	0.00e+00	0.00e+00	2.79e-05	8.19e-06	3.98e-06
 3.76937e+15	4.14e-05	9.83e-02	9.02e-01	5.76e-05	0.00e+00	0.00e+00	0.00e+00	0.00e+00	0.00e+00	2.88e-05	8.46e-06	4.11e-06
 4.14631e+15	4.29e-05	1.00e-01	9.00e-01	3.52e-05	0.00e+00	0.00e+00	0.00e+00	0.00e+00	0.00e+00	2.99e-05	8.77e-06	4.26e-06
 4.56094e+15	4.47e-05	1.02e-01	8.97e-01	2.11e-05	0.00e+00	0.00e+00	0.00e+00	0.00e+00	0.00e+00	3.12e-05	9.13e-06	4.44e-06
 5.01703e+15	4.68e-05	1.05e-01	8.95e-01	1.26e-05	0.00e+00	0.00e+00	0.00e+00	0.00e+00	0.00e+00	3.26e-05	9.54e-06	4.64e-06
 5.51874e+15	4.92e-05	1.08e-01	8.92e-01	7.48e-06	0.00e+00	0.00e+00	0.00e+00	0.00e+00	0.00e+00	3.42e-05	1.00e-05	4.88e-06
 6.07061e+15	5.19e-05	1.11e-01	8.89e-01	4.56e-06	0.00e+00	0.00e+00	0.00e+00	0.00e+00	0.00e+00	3.62e-05	1.06e-05	5.16e-06
 6.67767e+15	5.53e-05	1.14e-01	8.86e-01	2.92e-06	0.00e+00	0.00e+00	0.00e+00	0.00e+00	0.00e+00	3.85e-05	1.13e-05	5.49e-06
 7.34544e+15	5.92e-05	1.18e-01	8.82e-01	2.00e-06	0.00e+00	0.00e+00	0.00e+00	0.00e+00	0.00e+00	4.12e-05	1.20e-05	5.87e-06
 8.07998e+15	6.38e-05	1.23e-01	8.77e-01	1.49e-06	0.00e+00	0.00e+00	0.00e+00	0.00e+00	0.00e+00	4.45e-05	1.30e-05	6.33e-06
 8.88798e+15	6.94e-05	1.28e-01	8.72e-01	1.18e-06	0.00e+00	0.00e+00	0.00e+00	0.00e+00	0.00e+00	4.84e-05	1.41e-05	6.88e-06
 9.77678e+15	7.63e-05	1.34e-01	8.66e-01	9.98e-07	0.00e+00	0.00e+00	0.00e+00	0.00e+00	0.00e+00	5.32e-05	1.55e-05	7.56e-06
 1.07545e+16	8.45e-05	1.41e-01	8.59e-01	0.00e+00	0.00e+00	0.00e+00	0.00e+00	0.00e+00	0.00e+00	5.90e-05	1.72e-05	8.38e-06
 1.18299e+16	9.50e-05	1.49e-01	8.51e-01	0.00e+00	0.00e+00	0.00e+00	0.00e+00	0.00e+00	0.00e+00	6.63e-05	1.93e-05	9.41e-06
 1.30129e+16	1.08e-04	1.58e-01	8.42e-01	0.00e+00	0.00e+00	0.00e+00	0.00e+00	0.00e+00	0.00e+00	7.54e-05	2.19e-05	1.07e-05
 1.43142e+16	1.25e-04	1.70e-01	8.30e-01	0.00e+00	0.00e+00	0.00e+00	0.00e+00	0.00e+00	0.00e+00	8.73e-05	2.53e-05	1.24e-05
 1.57456e+16	1.47e-04	1.83e-01	8.16e-01	0.00e+00	0.00e+00	0.00e+00	0.00e+00	0.00e+00	0.00e+00	1.03e-04	2.98e-05	1.46e-05
 1.73202e+16	1.77e-04	2.00e-01	8.00e-01	0.00e+00	0.00e+00	0.00e+00	0.00e+00	0.00e+00	0.00e+00	1.24e-04	3.59e-05	1.76e-05
 1.88713e+16	2.13e-04	2.18e-01	7.81e-01	0.00e+00	0.00e+00	0.00e+00	0.00e+00	0.00e+00	0.00e+00	1.49e-04	4.32e-05	2.11e-05
 2.02326e+16	2.53e-04	2.37e-01	7.63e-01	0.00e+00	0.00e+00	0.00e+00	0.00e+00	0.00e+00	0.00e+00	1.77e-04	5.12e-05	2.51e-05
 2.14761e+16	2.98e-04	2.55e-01	7.45e-01	0.00e+00	0.00e+00	0.00e+00	0.00e+00	0.00e+00	0.00e+00	2.08e-04	6.03e-05	2.95e-05
 2.26918e+16	3.52e-04	2.75e-01	7.24e-01	0.00e+00	0.00e+00	0.00e+00	0.00e+00	0.00e+00	0.00e+00	2.46e-04	7.12e-05	3.49e-05
 2.38883e+16	4.17e-04	2.97e-01	7.02e-01	0.00e+00	0.00e+00	0.00e+00	0.00e+00	0.00e+00	0.00e+00	2.91e-04	8.44e-05	4.14e-05
 2.50308e+16	4.94e-04	3.21e-01	6.78e-01	0.00e+00	0.00e+00	0.00e+00	0.00e+00	0.00e+00	0.00e+00	3.45e-04	1.00e-04	4.91e-05
 2.61012e+16	5.84e-04	3.46e-01	6.53e-01	0.00e+00	0.00e+00	0.00e+00	0.00e+00	0.00e+00	0.00e+00	4.08e-04	1.18e-04	5.80e-05
 2.71089e+16	6.88e-04	3.73e-01	6.27e-01	0.00e+00	0.00e+00	0.00e+00	0.00e+00	0.00e+00	0.00e+00	4.80e-04	1.39e-04	6.83e-05
 2.80686e+16	8.10e-04	4.01e-01	5.98e-01	0.00e+00	0.00e+00	0.00e+00	0.00e+00	0.00e+00	0.00e+00	5.65e-04	1.64e-04	8.04e-05
 2.89886e+16	9.55e-04	4.31e-01	5.68e-01	0.00e+00	0.00e+00	0.00e+00	0.00e+00	0.00e+00	0.00e+00	6.67e-04	1.94e-04	9.47e-05
 2.98645e+16	1.13e-03	4.63e-01	5.36e-01	0.00e+00	0.00e+00	0.00e+00	0.00e+00	0.00e+00	0.00e+00	7.86e-04	2.28e-04	1.12e-04
 3.06883e+16	1.32e-03	4.96e-01	5.03e-01	0.00e+00	0.00e+00	0.00e+00	0.00e+00	0.00e+00	0.00e+00	9.25e-04	2.69e-04	1.31e-04
 3.14643e+16	1.56e-03	5.30e-01	4.68e-01	0.00e+00	0.00e+00	0.00e+00	0.00e+00	0.00e+00	0.00e+00	1.09e-03	3.16e-04	1.54e-04
 3.22007e+16	1.82e-03	5.66e-01	4.32e-01	0.00e+00	0.00e+00	0.00e+00	0.00e+00	0.00e+00	0.00e+00	1.27e-03	3.70e-04	1.81e-04
 3.29024e+16	2.14e-03	6.03e-01	3.95e-01	0.00e+00	0.00e+00	0.00e+00	0.00e+00	0.00e+00	0.00e+00	1.49e-03	4.34e-04	2.12e-04
 3.35696e+16	2.50e-03	6.41e-01	3.57e-01	0.00e+00	0.00e+00	0.00e+00	0.00e+00	0.00e+00	0.00e+00	1.74e-03	5.08e-04	2.48e-04
 3.42021e+16	2.92e-03	6.79e-01	3.18e-01	0.00e+00	0.00e+00	0.00e+00	0.00e+00	0.00e+00	0.00e+00	2.04e-03	5.95e-04	2.89e-04
 3.48010e+16	3.41e-03	7.18e-01	2.79e-01	0.00e+00	0.00e+00	0.00e+00	0.00e+00	0.00e+00	0.00e+00	2.38e-03	6.95e-04	3.38e-04
 3.53689e+16	3.98e-03	7.56e-01	2.40e-01	0.00e+00	0.00e+00	0.00e+00	0.00e+00	0.00e+00	0.00e+00	2.77e-03	8.11e-04	3.94e-04
 3.59048e+16	4.62e-03	7.93e-01	2.02e-01	0.00e+00	0.00e+00	0.00e+00	0.00e+00	0.00e+00	0.00e+00	3.22e-03	9.43e-04	4.58e-04
 3.64111e+16	5.35e-03	8.29e-01	1.66e-01	0.00e+00	0.00e+00	0.00e+00	0.00e+00	0.00e+00	0.00e+00	3.73e-03	1.09e-03	5.30e-04
 3.68154e+16	6.08e-03	8.58e-01	1.36e-01	0.00e+00	0.00e+00	0.00e+00	0.00e+00	0.00e+00	0.00e+00	4.23e-03	1.24e-03	6.01e-04
 3.71067e+16	6.67e-03	8.78e-01	1.15e-01	0.00e+00	0.00e+00	0.00e+00	0.00e+00	0.00e+00	0.00e+00	4.64e-03	1.36e-03	6.60e-04
 3.73509e+16	7.23e-03	8.95e-01	9.78e-02	0.00e+00	0.00e+00	0.00e+00	0.00e+00	0.00e+00	0.00e+00	5.04e-03	1.48e-03	7.16e-04
 3.75588e+16	7.80e-03	9.09e-01	8.32e-02	0.00e+00	0.00e+00	0.00e+00	0.00e+00	0.00e+00	0.00e+00	5.43e-03	1.60e-03	7.72e-04
 3.77490e+16	8.32e-03	9.21e-01	7.04e-02	0.00e+00	0.00e+00	0.00e+00	0.00e+00	0.00e+00	0.00e+00	5.79e-03	1.70e-03	8.23e-04
 3.79255e+16	8.81e-03	9.32e-01	5.89e-02	0.00e+00	0.00e+00	0.00e+00	0.00e+00	0.00e+00	0.00e+00	6.13e-03	1.80e-03	8.72e-04
 3.80845e+16	9.28e-03	9.42e-01	4.90e-02	0.00e+00	0.00e+00	0.00e+00	0.00e+00	0.00e+00	0.00e+00	6.46e-03	1.90e-03	9.18e-04
 3.82280e+16	9.76e-03	9.50e-01	4.04e-02	0.00e+00	0.00e+00	0.00e+00	0.00e+00	0.00e+00	0.00e+00	6.79e-03	2.00e-03	9.66e-04
 3.83579e+16	1.02e-02	9.57e-01	3.31e-02	0.00e+00	0.00e+00	0.00e+00	0.00e+00	0.00e+00	0.00e+00	7.11e-03	2.09e-03	1.01e-03
 3.84746e+16	1.07e-02	9.62e-01	2.69e-02	0.00e+00	0.00e+00	0.00e+00	0.00e+00	0.00e+00	0.00e+00	7.41e-03	2.18e-03	1.05e-03
 3.85822e+16	1.11e-02	9.67e-01	2.17e-02	0.00e+00	0.00e+00	0.00e+00	0.00e+00	0.00e+00	0.00e+00	7.69e-03	2.27e-03	1.09e-03
 3.86853e+16	1.15e-02	9.71e-01	1.72e-02	0.00e+00	0.00e+00	0.00e+00	0.00e+00	0.00e+00	0.00e+00	7.98e-03	2.35e-03	1.14e-03
 3.87851e+16	1.19e-02	9.75e-01	1.34e-02	0.00e+00	0.00e+00	0.00e+00	0.00e+00	0.00e+00	0.00e+00	8.26e-03	2.43e-03	1.17e-03
 3.88821e+16	1.23e-02	9.78e-01	1.01e-02	0.00e+00	0.00e+00	0.00e+00	0.00e+00	0.00e+00	0.00e+00	8.55e-03	2.52e-03	1.22e-03
 3.89928e+16	1.27e-02	9.80e-01	7.24e-03	0.00e+00	0.00e+00	0.00e+00	0.00e+00	0.00e+00	0.00e+00	8.87e-03	2.61e-03	1.26e-03
 3.91149e+16	1.33e-02	9.82e-01	4.80e-03	0.00e+00	0.00e+00	0.00e+00	0.00e+00	0.00e+00	0.00e+00	9.26e-03	2.72e-03	1.32e-03
 3.92323e+16	1.39e-02	9.83e-01	3.14e-03	0.00e+00	0.00e+00	0.00e+00	0.00e+00	0.00e+00	0.00e+00	9.65e-03	2.84e-03	1.37e-03
 3.93657e+16	1.46e-02	9.84e-01	1.92e-03	0.00e+00	0.00e+00	0.00e+00	0.00e+00	0.00e+00	0.00e+00	1.01e-02	2.98e-03	1.44e-03
 3.95391e+16	1.55e-02	9.83e-01	1.01e-03	0.00e+00	0.00e+00	0.00e+00	0.00e+00	0.00e+00	0.00e+00	1.08e-02	3.18e-03	1.54e-03
 3.97646e+16	1.70e-02	9.83e-01	4.40e-04	0.00e+00	0.00e+00	0.00e+00	0.00e+00	0.00e+00	0.00e+00	1.18e-02	3.48e-03	1.68e-03
 4.00577e+16	1.93e-02	9.81e-01	1.54e-04	0.00e+00	0.00e+00	0.00e+00	0.00e+00	0.00e+00	0.00e+00	1.34e-02	3.94e-03	1.91e-03
 4.04387e+16	2.31e-02	9.77e-01	4.15e-05	0.00e+00	0.00e+00	0.00e+00	0.00e+00	0.00e+00	0.00e+00	1.61e-02	4.72e-03	2.28e-03
 4.08209e+16	2.85e-02	9.72e-01	1.13e-05	0.00e+00	0.00e+00	0.00e+00	0.00e+00	0.00e+00	0.00e+00	1.98e-02	5.82e-03	2.82e-03
 4.11127e+16	3.44e-02	9.66e-01	4.34e-06	0.00e+00	0.00e+00	0.00e+00	0.00e+00	0.00e+00	0.00e+00	2.40e-02	7.03e-03	3.41e-03
 4.13571e+16	4.12e-02	9.59e-01	1.95e-06	0.00e+00	0.00e+00	0.00e+00	0.00e+00	0.00e+00	0.00e+00	2.87e-02	8.41e-03	4.08e-03
 4.15684e+16	4.92e-02	9.51e-01	9.78e-07	0.00e+00	0.00e+00	0.00e+00	0.00e+00	0.00e+00	0.00e+00	3.43e-02	1.00e-02	4.86e-03
 4.17322e+16	5.74e-02	9.43e-01	0.00e+00	0.00e+00	0.00e+00	0.00e+00	0.00e+00	0.00e+00	0.00e+00	4.01e-02	1.17e-02	5.67e-03
 4.18687e+16	6.63e-02	9.34e-01	0.00e+00	0.00e+00	0.00e+00	0.00e+00	0.00e+00	0.00e+00	0.00e+00	4.63e-02	1.34e-02	6.54e-03
 4.19961e+16	7.70e-02	9.23e-01	0.00e+00	0.00e+00	0.00e+00	0.00e+00	0.00e+00	0.00e+00	0.00e+00	5.38e-02	1.56e-02	7.58e-03
 4.21176e+16	9.00e-02	9.10e-01	0.00e+00	0.00e+00	0.00e+00	0.00e+00	0.00e+00	0.00e+00	0.00e+00	6.30e-02	1.81e-02	8.86e-03
 4.22278e+16	1.06e-01	8.94e-01	0.00e+00	0.00e+00	0.00e+00	0.00e+00	0.00e+00	0.00e+00	0.00e+00	7.40e-02	2.12e-02	1.04e-02
 4.23238e+16	1.23e-01	8.77e-01	0.00e+00	0.00e+00	0.00e+00	0.00e+00	0.00e+00	0.00e+00	0.00e+00	8.64e-02	2.45e-02	1.21e-02
 4.24078e+16	1.43e-01	8.57e-01	0.00e+00	0.00e+00	0.00e+00	0.00e+00	0.00e+00	0.00e+00	0.00e+00	1.00e-01	2.83e-02	1.40e-02
 4.24838e+16	1.65e-01	8.35e-01	0.00e+00	0.00e+00	0.00e+00	0.00e+00	0.00e+00	0.00e+00	0.00e+00	1.17e-01	3.25e-02	1.61e-02
 4.25539e+16	1.91e-01	8.09e-01	0.00e+00	0.00e+00	0.00e+00	0.00e+00	0.00e+00	0.00e+00	0.00e+00	1.35e-01	3.72e-02	1.86e-02
 4.26188e+16	2.21e-01	7.79e-01	0.00e+00	0.00e+00	0.00e+00	0.00e+00	0.00e+00	0.00e+00	0.00e+00	1.57e-01	4.26e-02	2.14e-02
 4.26787e+16	2.56e-01	7.44e-01	0.00e+00	0.00e+00	0.00e+00	0.00e+00	0.00e+00	0.00e+00	0.00e+00	1.83e-01	4.86e-02	2.46e-02
 4.27337e+16	2.95e-01	7.05e-01	0.00e+00	0.00e+00	0.00e+00	0.00e+00	0.00e+00	0.00e+00	0.00e+00	2.12e-01	5.50e-02	2.82e-02
 4.27825e+16	3.36e-01	6.64e-01	0.00e+00	0.00e+00	0.00e+00	0.00e+00	0.00e+00	0.00e+00	0.00e+00	2.43e-01	6.16e-02	3.19e-02
 4.28222e+16	3.75e-01	6.25e-01	0.00e+00	0.00e+00	0.00e+00	0.00e+00	0.00e+00	0.00e+00	0.00e+00	2.72e-01	6.73e-02	3.53e-02
 4.28522e+16	4.08e-01	5.92e-01	0.00e+00	0.00e+00	0.00e+00	0.00e+00	0.00e+00	0.00e+00	0.00e+00	2.98e-01	7.19e-02	3.81e-02
 4.28760e+16	4.36e-01	5.64e-01	0.00e+00	0.00e+00	0.00e+00	0.00e+00	0.00e+00	0.00e+00	0.00e+00	3.20e-01	7.56e-02	4.04e-02
 4.28971e+16	4.62e-01	5.38e-01	0.00e+00	0.00e+00	0.00e+00	0.00e+00	0.00e+00	0.00e+00	0.00e+00	3.41e-01	7.89e-02	4.26e-02
 4.29170e+16	4.88e-01	5.12e-01	0.00e+00	0.00e+00	0.00e+00	0.00e+00	0.00e+00	0.00e+00	0.00e+00	3.62e-01	8.19e-02	4.46e-02
 4.29355e+16	5.13e-01	4.87e-01	0.00e+00	0.00e+00	0.00e+00	0.00e+00	0.00e+00	0.00e+00	0.00e+00	3.82e-01	8.45e-02	4.65e-02
 4.29519e+16	5.36e-01	4.64e-01	0.00e+00	0.00e+00	0.00e+00	0.00e+00	0.00e+00	0.00e+00	0.00e+00	4.01e-01	8.68e-02	4.82e-02
 4.29666e+16	5.56e-01	4.44e-01	0.00e+00	0.00e+00	0.00e+00	0.00e+00	0.00e+00	0.00e+00	0.00e+00	4.18e-01	8.87e-02	4.96e-02
 4.29805e+16	5.76e-01	4.24e-01	0.00e+00	0.00e+00	0.00e+00	0.00e+00	0.00e+00	0.00e+00	0.00e+00	4.35e-01	9.03e-02	5.09e-02
 4.29934e+16	5.95e-01	4.05e-01	0.00e+00	0.00e+00	0.00e+00	0.00e+00	0.00e+00	0.00e+00	0.00e+00	4.51e-01	9.17e-02	5.22e-02
 4.30041e+16	6.10e-01	3.90e-01	0.00e+00	0.00e+00	0.00e+00	0.00e+00	0.00e+00	0.00e+00	0.00e+00	4.64e-01	9.27e-02	5.31e-02
 4.30120e+16	6.21e-01	3.79e-01	0.00e+00	0.00e+00	0.00e+00	0.00e+00	0.00e+00	0.00e+00	0.00e+00	4.74e-01	9.34e-02	5.37e-02
 4.30194e+16	6.32e-01	3.68e-01	0.00e+00	0.00e+00	0.00e+00	0.00e+00	0.00e+00	0.00e+00	0.00e+00	4.84e-01	9.40e-02	5.44e-02
 4.30274e+16	6.44e-01	3.56e-01	0.00e+00	0.00e+00	0.00e+00	0.00e+00	0.00e+00	0.00e+00	0.00e+00	4.94e-01	9.46e-02	5.50e-02
 4.30357e+16	6.56e-01	3.44e-01	0.00e+00	0.00e+00	0.00e+00	0.00e+00	0.00e+00	0.00e+00	0.00e+00	5.05e-01	9.51e-02	5.56e-02
 4.30439e+16	6.68e-01	3.32e-01	0.00e+00	0.00e+00	0.00e+00	0.00e+00	0.00e+00	0.00e+00	0.00e+00	5.16e-01	9.55e-02	5.62e-02
 4.30520e+16	6.80e-01	3.20e-01	0.00e+00	0.00e+00	0.00e+00	0.00e+00	0.00e+00	0.00e+00	0.00e+00	5.27e-01	9.59e-02	5.68e-02
 4.30598e+16	6.91e-01	3.09e-01	0.00e+00	0.00e+00	0.00e+00	0.00e+00	0.00e+00	0.00e+00	0.00e+00	5.37e-01	9.61e-02	5.73e-02
 4.30675e+16	7.01e-01	2.99e-01	0.00e+00	0.00e+00	0.00e+00	0.00e+00	0.00e+00	0.00e+00	0.00e+00	5.47e-01	9.63e-02	5.77e-02
 4.30752e+16	7.12e-01	2.88e-01	0.00e+00	0.00e+00	0.00e+00	0.00e+00	0.00e+00	0.00e+00	0.00e+00	5.58e-01	9.64e-02	5.81e-02
 4.30830e+16	7.23e-01	2.77e-01	0.00e+00	0.00e+00	0.00e+00	0.00e+00	0.00e+00	0.00e+00	0.00e+00	5.68e-01	9.64e-02	5.83e-02
 4.30906e+16	7.33e-01	2.67e-01	0.00e+00	0.00e+00	0.00e+00	0.00e+00	0.00e+00	0.00e+00	0.00e+00	5.78e-01	9.63e-02	5.86e-02
 4.30981e+16	7.43e-01	2.57e-01	0.00e+00	0.00e+00	0.00e+00	0.00e+00	0.00e+00	0.00e+00	0.00e+00	5.88e-01	9.62e-02	5.88e-02
 4.31055e+16	7.53e-01	2.47e-01	0.00e+00	0.00e+00	0.00e+00	0.00e+00	0.00e+00	0.00e+00	0.00e+00	5.98e-01	9.59e-02	5.89e-02
 4.31130e+16	7.62e-01	2.38e-01	0.00e+00	0.00e+00	0.00e+00	0.00e+00	0.00e+00	0.00e+00	0.00e+00	6.08e-01	9.57e-02	5.90e-02
 4.31203e+16	7.72e-01	2.28e-01	0.00e+00	0.00e+00	0.00e+00	0.00e+00	0.00e+00	0.00e+00	0.00e+00	6.17e-01	9.53e-02	5.90e-02
 4.31277e+16	7.81e-01	2.19e-01	0.00e+00	0.00e+00	0.00e+00	0.00e+00	0.00e+00	0.00e+00	0.00e+00	6.27e-01	9.48e-02	5.90e-02
 4.31349e+16	7.90e-01	2.10e-01	0.00e+00	0.00e+00	0.00e+00	0.00e+00	0.00e+00	0.00e+00	0.00e+00	6.36e-01	9.44e-02	5.89e-02
 4.31419e+16	7.98e-01	2.02e-01	0.00e+00	0.00e+00	0.00e+00	0.00e+00	0.00e+00	0.00e+00	0.00e+00	6.45e-01	9.39e-02	5.89e-02
 4.31491e+16	8.06e-01	1.94e-01	0.00e+00	0.00e+00	0.00e+00	0.00e+00	0.00e+00	0.00e+00	0.00e+00	6.54e-01	9.33e-02	5.87e-02
 4.31563e+16	8.15e-01	1.85e-01	0.00e+00	0.00e+00	0.00e+00	0.00e+00	0.00e+00	0.00e+00	0.00e+00	6.64e-01	9.26e-02	5.85e-02
 4.31633e+16	8.22e-01	1.78e-01	0.00e+00	0.00e+00	0.00e+00	0.00e+00	0.00e+00	0.00e+00	0.00e+00	6.72e-01	9.20e-02	5.83e-02
 4.31700e+16	8.29e-01	1.71e-01	0.00e+00	0.00e+00	0.00e+00	0.00e+00	0.00e+00	0.00e+00	0.00e+00	6.80e-01	9.13e-02	5.81e-02
 4.31767e+16	8.36e-01	1.64e-01	0.00e+00	0.00e+00	0.00e+00	0.00e+00	0.00e+00	0.00e+00	0.00e+00	6.88e-01	9.06e-02	5.78e-02
 4.31833e+16	8.43e-01	1.57e-01	0.00e+00	0.00e+00	0.00e+00	0.00e+00	0.00e+00	0.00e+00	0.00e+00	6.96e-01	8.98e-02	5.75e-02
 4.31898e+16	8.50e-01	1.50e-01	0.00e+00	0.00e+00	0.00e+00	0.00e+00	0.00e+00	0.00e+00	0.00e+00	7.03e-01	8.91e-02	5.72e-02
 4.31962e+16	8.56e-01	1.44e-01	0.00e+00	0.00e+00	0.00e+00	0.00e+00	0.00e+00	0.00e+00	0.00e+00	7.10e-01	8.83e-02	5.69e-02
 4.32025e+16	8.62e-01	1.38e-01	0.00e+00	0.00e+00	0.00e+00	0.00e+00	0.00e+00	0.00e+00	0.00e+00	7.18e-01	8.75e-02	5.65e-02
 4.32088e+16	8.67e-01	1.33e-01	0.00e+00	0.00e+00	0.00e+00	0.00e+00	0.00e+00	0.00e+00	0.00e+00	7.25e-01	8.67e-02	5.61e-02
 4.32150e+16	8.73e-01	1.27e-01	0.00e+00	0.00e+00	0.00e+00	0.00e+00	0.00e+00	0.00e+00	0.00e+00	7.31e-01	8.59e-02	5.57e-02
 4.32211e+16	8.78e-01	1.22e-01	0.00e+00	0.00e+00	0.00e+00	0.00e+00	0.00e+00	0.00e+00	0.00e+00	7.38e-01	8.51e-02	5.53e-02
 4.32270e+16	8.83e-01	1.17e-01	0.00e+00	0.00e+00	0.00e+00	0.00e+00	0.00e+00	0.00e+00	0.00e+00	7.44e-01	8.43e-02	5.49e-02
 4.32328e+16	8.88e-01	1.12e-01	0.00e+00	0.00e+00	0.00e+00	0.00e+00	0.00e+00	0.00e+00	0.00e+00	7.50e-01	8.34e-02	5.44e-02
 4.32386e+16	8.93e-01	1.07e-01	0.00e+00	0.00e+00	0.00e+00	0.00e+00	0.00e+00	0.00e+00	0.00e+00	7.56e-01	8.26e-02	5.40e-02
 4.32442e+16	8.97e-01	1.03e-01	0.00e+00	0.00e+00	0.00e+00	0.00e+00	0.00e+00	0.00e+00	0.00e+00	7.62e-01	8.18e-02	5.35e-02
 4.32497e+16	9.01e-01	9.89e-02	0.00e+00	0.00e+00	0.00e+00	0.00e+00	0.00e+00	0.00e+00	0.00e+00	7.67e-01	8.10e-02	5.31e-02
 4.32552e+16	9.05e-01	9.48e-02	0.00e+00	0.00e+00	0.00e+00	0.00e+00	0.00e+00	0.00e+00	0.00e+00	7.72e-01	8.02e-02	5.26e-02
 4.32606e+16	9.09e-01	9.10e-02	0.00e+00	0.00e+00	0.00e+00	0.00e+00	0.00e+00	0.00e+00	0.00e+00	7.78e-01	7.94e-02	5.21e-02
 4.32659e+16	9.13e-01	8.72e-02	0.00e+00	0.00e+00	0.00e+00	0.00e+00	0.00e+00	0.00e+00	0.00e+00	7.83e-01	7.85e-02	5.16e-02
 4.32710e+16	9.16e-01	8.35e-02	0.00e+00	0.00e+00	0.00e+00	0.00e+00	0.00e+00	0.00e+00	0.00e+00	7.88e-01	7.77e-02	5.11e-02
 4.32760e+16	9.20e-01	8.01e-02	0.00e+00	0.00e+00	0.00e+00	0.00e+00	0.00e+00	0.00e+00	0.00e+00	7.92e-01	7.69e-02	5.06e-02
 4.32808e+16	9.23e-01	7.67e-02	0.00e+00	0.00e+00	0.00e+00	0.00e+00	0.00e+00	0.00e+00	0.00e+00	7.97e-01	7.60e-02	5.01e-02
 4.32856e+16	9.27e-01	7.35e-02	0.00e+00	0.00e+00	0.00e+00	0.00e+00	0.00e+00	0.00e+00	0.00e+00	8.02e-01	7.51e-02	4.95e-02
 4.32901e+16	9.30e-01	7.03e-02	0.00e+00	0.00e+00	0.00e+00	0.00e+00	0.00e+00	0.00e+00	0.00e+00	8.07e-01	7.42e-02	4.89e-02
 4.32943e+16	9.33e-01	6.75e-02	0.00e+00	0.00e+00	0.00e+00	0.00e+00	0.00e+00	0.00e+00	0.00e+00	8.11e-01	7.33e-02	4.83e-02
 4.32978e+16	9.35e-01	6.50e-02	0.00e+00	0.00e+00	0.00e+00	0.00e+00	0.00e+00	0.00e+00	0.00e+00	8.15e-01	7.25e-02	4.78e-02
 4.33008e+16	9.37e-01	6.29e-02	0.00e+00	0.00e+00	0.00e+00	0.00e+00	0.00e+00	0.00e+00	0.00e+00	8.18e-01	7.18e-02	4.74e-02
 4.33034e+16	9.39e-01	6.10e-02	0.00e+00	0.00e+00	0.00e+00	0.00e+00	0.00e+00	0.00e+00	0.00e+00	8.21e-01	7.12e-02	4.69e-02
