#depth	O	O+	O+2	O+3	O+4	O+5	O+6	O+7	O+8	O[1]	O[2]	O[3]
 7.69868e+09	3.43e-03	6.10e-01	3.86e-01	3.62e-04	0.00e+00	0.00e+00	0.00e+00	0.00e+00	0.00e+00	2.00e-03	1.06e-03	3.64e-04
 4.61921e+10	3.43e-03	6.10e-01	3.86e-01	3.62e-04	3.89e-10	0.00e+00	0.00e+00	0.00e+00	0.00e+00	2.00e-03	1.06e-03	3.64e-04
 2.00166e+11	3.43e-03	6.10e-01	3.86e-01	3.61e-04	0.00e+00	0.00e+00	0.00e+00	0.00e+00	0.00e+00	2.00e-03	1.06e-03	3.64e-04
 8.16060e+11	3.43e-03	6.10e-01	3.86e-01	3.57e-04	0.00e+00	0.00e+00	0.00e+00	0.00e+00	0.00e+00	2.00e-03	1.06e-03	3.63e-04
 1.94931e+12	3.41e-03	6.09e-01	3.87e-01	3.53e-04	0.00e+00	0.00e+00	0.00e+00	0.00e+00	0.00e+00	1.99e-03	1.05e-03	3.61e-04
 3.42253e+12	3.38e-03	6.09e-01	3.87e-01	3.47e-04	0.00e+00	0.00e+00	0.00e+00	0.00e+00	0.00e+00	1.97e-03	1.04e-03	3.59e-04
 5.33771e+12	3.36e-03	6.08e-01	3.88e-01	3.39e-04	0.00e+00	0.00e+00	0.00e+00	0.00e+00	0.00e+00	1.96e-03	1.04e-03	3.56e-04
 7.82745e+12	3.34e-03	6.08e-01	3.88e-01	3.29e-04	0.00e+00	0.00e+00	0.00e+00	0.00e+00	0.00e+00	1.95e-03	1.03e-03	3.54e-04
 1.10641e+13	3.31e-03	6.08e-01	3.89e-01	3.15e-04	0.00e+00	0.00e+00	0.00e+00	0.00e+00	0.00e+00	1.93e-03	1.02e-03	3.51e-04
 1.52718e+13	3.28e-03	6.08e-01	3.89e-01	2.97e-04	0.00e+00	0.00e+00	0.00e+00	0.00e+00	0.00e+00	1.92e-03	1.01e-03	3.48e-04
 2.07417e+13	3.26e-03	6.08e-01	3.89e-01	2.74e-04	0.00e+00	0.00e+00	0.00e+00	0.00e+00	0.00e+00	1.90e-03	1.00e-03	3.46e-04
 2.78527e+13	3.24e-03	6.09e-01	3.88e-01	2.46e-04	0.00e+00	0.00e+00	0.00e+00	0.00e+00	0.00e+00	1.89e-03	9.98e-04	3.43e-04
 3.70969e+13	3.22e-03	6.11e-01	3.86e-01	2.13e-04	0.00e+00	0.00e+00	0.00e+00	0.00e+00	0.00e+00	1.88e-03	9.93e-04	3.42e-04
 4.91144e+13	3.21e-03	6.14e-01	3.83e-01	1.76e-04	0.00e+00	0.00e+00	0.00e+00	0.00e+00	0.00e+00	1.88e-03	9.91e-04	3.41e-04
 6.47372e+13	3.23e-03	6.19e-01	3.78e-01	1.36e-04	0.00e+00	0.00e+00	0.00e+00	0.00e+00	0.00e+00	1.88e-03	9.94e-04	3.42e-04
 8.50468e+13	3.26e-03	6.26e-01	3.71e-01	9.64e-05	0.00e+00	0.00e+00	0.00e+00	0.00e+00	0.00e+00	1.90e-03	1.00e-03	3.46e-04
 1.11449e+14	3.33e-03	6.36e-01	3.61e-01	6.15e-05	0.00e+00	0.00e+00	0.00e+00	0.00e+00	0.00e+00	1.95e-03	1.03e-03	3.54e-04
 1.45772e+14	3.46e-03	6.50e-01	3.47e-01	3.42e-05	0.00e+00	0.00e+00	0.00e+00	0.00e+00	0.00e+00	2.02e-03	1.07e-03	3.68e-04
 1.90393e+14	3.68e-03	6.69e-01	3.28e-01	1.61e-05	0.00e+00	0.00e+00	0.00e+00	0.00e+00	0.00e+00	2.15e-03	1.13e-03	3.91e-04
 2.48399e+14	4.04e-03	6.95e-01	3.01e-01	6.14e-06	0.00e+00	0.00e+00	0.00e+00	0.00e+00	0.00e+00	2.36e-03	1.24e-03	4.29e-04
 2.95244e+14	4.27e-03	7.12e-01	2.83e-01	3.01e-06	0.00e+00	0.00e+00	0.00e+00	0.00e+00	0.00e+00	2.49e-03	1.31e-03	4.53e-04
 3.24769e+14	4.53e-03	7.27e-01	2.68e-01	1.91e-06	0.00e+00	0.00e+00	0.00e+00	0.00e+00	0.00e+00	2.65e-03	1.40e-03	4.81e-04
 3.57245e+14	4.86e-03	7.44e-01	2.52e-01	1.18e-06	0.00e+00	0.00e+00	0.00e+00	0.00e+00	0.00e+00	2.84e-03	1.50e-03	5.16e-04
 3.92970e+14	5.28e-03	7.62e-01	2.32e-01	7.15e-07	0.00e+00	0.00e+00	0.00e+00	0.00e+00	0.00e+00	3.08e-03	1.63e-03	5.61e-04
 4.32267e+14	5.83e-03	7.84e-01	2.11e-01	0.00e+00	0.00e+00	0.00e+00	0.00e+00	0.00e+00	0.00e+00	3.40e-03	1.80e-03	6.19e-04
 4.75494e+14	6.57e-03	8.08e-01	1.86e-01	0.00e+00	0.00e+00	0.00e+00	0.00e+00	0.00e+00	0.00e+00	3.83e-03	2.02e-03	6.97e-04
 5.17741e+14	7.43e-03	8.31e-01	1.62e-01	0.00e+00	0.00e+00	0.00e+00	0.00e+00	0.00e+00	0.00e+00	4.34e-03	2.29e-03	7.88e-04
 5.53758e+14	8.34e-03	8.51e-01	1.41e-01	0.00e+00	0.00e+00	0.00e+00	0.00e+00	0.00e+00	0.00e+00	4.87e-03	2.57e-03	8.84e-04
 5.85134e+14	9.31e-03	8.69e-01	1.22e-01	0.00e+00	0.00e+00	0.00e+00	0.00e+00	0.00e+00	0.00e+00	5.43e-03	2.87e-03	9.87e-04
 6.14571e+14	1.04e-02	8.85e-01	1.05e-01	0.00e+00	0.00e+00	0.00e+00	0.00e+00	0.00e+00	0.00e+00	6.07e-03	3.21e-03	1.10e-03
 6.43287e+14	1.17e-02	9.00e-01	8.85e-02	0.00e+00	0.00e+00	0.00e+00	0.00e+00	0.00e+00	0.00e+00	6.83e-03	3.61e-03	1.24e-03
 6.70987e+14	1.32e-02	9.14e-01	7.31e-02	0.00e+00	0.00e+00	0.00e+00	0.00e+00	0.00e+00	0.00e+00	7.70e-03	4.07e-03	1.40e-03
 6.97191e+14	1.49e-02	9.26e-01	5.93e-02	0.00e+00	0.00e+00	0.00e+00	0.00e+00	0.00e+00	0.00e+00	8.71e-03	4.60e-03	1.58e-03
 7.21480e+14	1.70e-02	9.36e-01	4.72e-02	0.00e+00	0.00e+00	0.00e+00	0.00e+00	0.00e+00	0.00e+00	9.89e-03	5.22e-03	1.80e-03
 7.42991e+14	1.91e-02	9.44e-01	3.73e-02	0.00e+00	0.00e+00	0.00e+00	0.00e+00	0.00e+00	0.00e+00	1.11e-02	5.89e-03	2.02e-03
 7.61552e+14	2.14e-02	9.49e-01	2.93e-02	0.00e+00	0.00e+00	0.00e+00	0.00e+00	0.00e+00	0.00e+00	1.25e-02	6.59e-03	2.27e-03
 7.77791e+14	2.38e-02	9.53e-01	2.30e-02	0.00e+00	0.00e+00	0.00e+00	0.00e+00	0.00e+00	0.00e+00	1.39e-02	7.33e-03	2.52e-03
 7.92329e+14	2.63e-02	9.56e-01	1.78e-02	0.00e+00	0.00e+00	0.00e+00	0.00e+00	0.00e+00	0.00e+00	1.54e-02	8.12e-03	2.79e-03
 8.05460e+14	2.90e-02	9.57e-01	1.37e-02	0.00e+00	0.00e+00	0.00e+00	0.00e+00	0.00e+00	0.00e+00	1.69e-02	8.95e-03	3.07e-03
 8.17435e+14	3.18e-02	9.58e-01	1.04e-02	0.00e+00	0.00e+00	0.00e+00	0.00e+00	0.00e+00	0.00e+00	1.86e-02	9.81e-03	3.37e-03
 8.28631e+14	3.50e-02	9.57e-01	7.78e-03	0.00e+00	0.00e+00	0.00e+00	0.00e+00	0.00e+00	0.00e+00	2.04e-02	1.08e-02	3.71e-03
 8.39120e+14	3.83e-02	9.56e-01	5.72e-03	0.00e+00	0.00e+00	0.00e+00	0.00e+00	0.00e+00	0.00e+00	2.24e-02	1.18e-02	4.06e-03
 8.49051e+14	4.20e-02	9.54e-01	4.13e-03	0.00e+00	0.00e+00	0.00e+00	0.00e+00	0.00e+00	0.00e+00	2.45e-02	1.29e-02	4.45e-03
 8.58589e+14	4.62e-02	9.51e-01	2.92e-03	0.00e+00	0.00e+00	0.00e+00	0.00e+00	0.00e+00	0.00e+00	2.69e-02	1.42e-02	4.89e-03
 8.69246e+14	5.15e-02	9.47e-01	1.92e-03	0.00e+00	0.00e+00	0.00e+00	0.00e+00	0.00e+00	0.00e+00	3.01e-02	1.59e-02	5.46e-03
 8.83100e+14	6.02e-02	9.39e-01	1.07e-03	0.00e+00	0.00e+00	0.00e+00	0.00e+00	0.00e+00	0.00e+00	3.51e-02	1.85e-02	6.38e-03
 8.97680e+14	7.24e-02	9.27e-01	5.56e-04	0.00e+00	0.00e+00	0.00e+00	0.00e+00	0.00e+00	0.00e+00	4.22e-02	2.23e-02	7.67e-03
 9.10430e+14	8.72e-02	9.13e-01	3.02e-04	0.00e+00	0.00e+00	0.00e+00	0.00e+00	0.00e+00	0.00e+00	5.09e-02	2.68e-02	9.23e-03
 9.20804e+14	1.04e-01	8.96e-01	1.81e-04	0.00e+00	0.00e+00	0.00e+00	0.00e+00	0.00e+00	0.00e+00	6.05e-02	3.18e-02	1.10e-02
 9.28624e+14	1.19e-01	8.81e-01	1.21e-04	0.00e+00	0.00e+00	0.00e+00	0.00e+00	0.00e+00	0.00e+00	6.97e-02	3.66e-02	1.26e-02
 9.35416e+14	1.36e-01	8.63e-01	8.35e-05	0.00e+00	0.00e+00	0.00e+00	0.00e+00	0.00e+00	0.00e+00	7.98e-02	4.19e-02	1.45e-02
 9.43114e+14	1.61e-01	8.39e-01	5.35e-05	0.00e+00	0.00e+00	0.00e+00	0.00e+00	0.00e+00	0.00e+00	9.41e-02	4.93e-02	1.70e-02
 9.51037e+14	1.93e-01	8.07e-01	3.33e-05	0.00e+00	0.00e+00	0.00e+00	0.00e+00	0.00e+00	0.00e+00	1.13e-01	5.91e-02	2.05e-02
 9.57173e+14	2.26e-01	7.74e-01	2.24e-05	0.00e+00	0.00e+00	0.00e+00	0.00e+00	0.00e+00	0.00e+00	1.33e-01	6.91e-02	2.40e-02
 9.61905e+14	2.58e-01	7.42e-01	1.62e-05	0.00e+00	0.00e+00	0.00e+00	0.00e+00	0.00e+00	0.00e+00	1.51e-01	7.85e-02	2.73e-02
 9.66539e+14	2.94e-01	7.06e-01	1.15e-05	0.00e+00	0.00e+00	0.00e+00	0.00e+00	0.00e+00	0.00e+00	1.73e-01	8.94e-02	3.12e-02
 9.71230e+14	3.37e-01	6.62e-01	7.99e-06	0.00e+00	0.00e+00	0.00e+00	0.00e+00	0.00e+00	0.00e+00	1.99e-01	1.02e-01	3.57e-02
 9.75056e+14	3.78e-01	6.22e-01	5.86e-06	0.00e+00	0.00e+00	0.00e+00	0.00e+00	0.00e+00	0.00e+00	2.24e-01	1.14e-01	4.00e-02
 9.77793e+14	4.11e-01	5.89e-01	4.65e-06	0.00e+00	0.00e+00	0.00e+00	0.00e+00	0.00e+00	0.00e+00	2.43e-01	1.24e-01	4.34e-02
 9.79898e+14	4.38e-01	5.62e-01	3.86e-06	0.00e+00	0.00e+00	0.00e+00	0.00e+00	0.00e+00	0.00e+00	2.60e-01	1.31e-01	4.63e-02
 9.81819e+14	4.63e-01	5.37e-01	3.23e-06	0.00e+00	0.00e+00	0.00e+00	0.00e+00	0.00e+00	0.00e+00	2.75e-01	1.39e-01	4.90e-02
 9.83676e+14	4.90e-01	5.10e-01	2.72e-06	0.00e+00	0.00e+00	0.00e+00	0.00e+00	0.00e+00	0.00e+00	2.91e-01	1.46e-01	5.17e-02
 9.85406e+14	5.14e-01	4.86e-01	2.31e-06	0.00e+00	0.00e+00	0.00e+00	0.00e+00	0.00e+00	0.00e+00	3.06e-01	1.53e-01	5.42e-02
 9.86937e+14	5.37e-01	4.63e-01	1.99e-06	0.00e+00	0.00e+00	0.00e+00	0.00e+00	0.00e+00	0.00e+00	3.21e-01	1.59e-01	5.66e-02
 9.88323e+14	5.57e-01	4.43e-01	1.73e-06	0.00e+00	0.00e+00	0.00e+00	0.00e+00	0.00e+00	0.00e+00	3.33e-01	1.64e-01	5.87e-02
 9.89634e+14	5.77e-01	4.23e-01	1.52e-06	0.00e+00	0.00e+00	0.00e+00	0.00e+00	0.00e+00	0.00e+00	3.46e-01	1.70e-01	6.08e-02
 9.90880e+14	5.96e-01	4.04e-01	1.34e-06	0.00e+00	0.00e+00	0.00e+00	0.00e+00	0.00e+00	0.00e+00	3.58e-01	1.75e-01	6.27e-02
 9.91910e+14	6.11e-01	3.89e-01	1.21e-06	0.00e+00	0.00e+00	0.00e+00	0.00e+00	0.00e+00	0.00e+00	3.68e-01	1.79e-01	6.42e-02
 9.92666e+14	6.22e-01	3.78e-01	1.12e-06	0.00e+00	0.00e+00	0.00e+00	0.00e+00	0.00e+00	0.00e+00	3.75e-01	1.82e-01	6.54e-02
 9.93369e+14	6.33e-01	3.67e-01	1.04e-06	0.00e+00	0.00e+00	0.00e+00	0.00e+00	0.00e+00	0.00e+00	3.82e-01	1.84e-01	6.65e-02
 9.94138e+14	6.45e-01	3.55e-01	9.53e-07	0.00e+00	0.00e+00	0.00e+00	0.00e+00	0.00e+00	0.00e+00	3.90e-01	1.87e-01	6.77e-02
 9.94944e+14	6.57e-01	3.43e-01	0.00e+00	0.00e+00	0.00e+00	0.00e+00	0.00e+00	0.00e+00	0.00e+00	3.98e-01	1.90e-01	6.89e-02
 9.95732e+14	6.69e-01	3.31e-01	0.00e+00	0.00e+00	0.00e+00	0.00e+00	0.00e+00	0.00e+00	0.00e+00	4.05e-01	1.93e-01	7.01e-02
 9.96497e+14	6.80e-01	3.20e-01	0.00e+00	0.00e+00	0.00e+00	0.00e+00	0.00e+00	0.00e+00	0.00e+00	4.13e-01	1.96e-01	7.12e-02
 9.97254e+14	6.91e-01	3.09e-01	0.00e+00	0.00e+00	0.00e+00	0.00e+00	0.00e+00	0.00e+00	0.00e+00	4.20e-01	1.98e-01	7.23e-02
 9.98009e+14	7.02e-01	2.98e-01	0.00e+00	0.00e+00	0.00e+00	0.00e+00	0.00e+00	0.00e+00	0.00e+00	4.28e-01	2.01e-01	7.34e-02
 9.98761e+14	7.13e-01	2.87e-01	0.00e+00	0.00e+00	0.00e+00	0.00e+00	0.00e+00	0.00e+00	0.00e+00	4.35e-01	2.03e-01	7.44e-02
 9.99507e+14	7.24e-01	2.76e-01	0.00e+00	0.00e+00	0.00e+00	0.00e+00	0.00e+00	0.00e+00	0.00e+00	4.42e-01	2.06e-01	7.54e-02
 1.00024e+15	7.34e-01	2.66e-01	0.00e+00	0.00e+00	0.00e+00	0.00e+00	0.00e+00	0.00e+00	0.00e+00	4.49e-01	2.08e-01	7.64e-02
 1.00097e+15	7.44e-01	2.56e-01	0.00e+00	0.00e+00	0.00e+00	0.00e+00	0.00e+00	0.00e+00	0.00e+00	4.56e-01	2.10e-01	7.73e-02
 1.00170e+15	7.54e-01	2.46e-01	0.00e+00	0.00e+00	0.00e+00	0.00e+00	0.00e+00	0.00e+00	0.00e+00	4.63e-01	2.12e-01	7.82e-02
 1.00243e+15	7.63e-01	2.37e-01	0.00e+00	0.00e+00	0.00e+00	0.00e+00	0.00e+00	0.00e+00	0.00e+00	4.70e-01	2.14e-01	7.91e-02
 1.00315e+15	7.73e-01	2.27e-01	0.00e+00	0.00e+00	0.00e+00	0.00e+00	0.00e+00	0.00e+00	0.00e+00	4.77e-01	2.16e-01	7.99e-02
 1.00386e+15	7.81e-01	2.19e-01	0.00e+00	0.00e+00	0.00e+00	0.00e+00	0.00e+00	0.00e+00	0.00e+00	4.83e-01	2.17e-01	8.07e-02
 1.00457e+15	7.90e-01	2.10e-01	0.00e+00	0.00e+00	0.00e+00	0.00e+00	0.00e+00	0.00e+00	0.00e+00	4.90e-01	2.19e-01	8.15e-02
 1.00528e+15	7.98e-01	2.02e-01	0.00e+00	0.00e+00	0.00e+00	0.00e+00	0.00e+00	0.00e+00	0.00e+00	4.96e-01	2.20e-01	8.21e-02
 1.00597e+15	8.07e-01	1.93e-01	0.00e+00	0.00e+00	0.00e+00	0.00e+00	0.00e+00	0.00e+00	0.00e+00	5.02e-01	2.22e-01	8.28e-02
 1.00667e+15	8.15e-01	1.85e-01	0.00e+00	0.00e+00	0.00e+00	0.00e+00	0.00e+00	0.00e+00	0.00e+00	5.08e-01	2.23e-01	8.34e-02
 1.00736e+15	8.22e-01	1.78e-01	0.00e+00	0.00e+00	0.00e+00	0.00e+00	0.00e+00	0.00e+00	0.00e+00	5.14e-01	2.24e-01	8.40e-02
 1.00804e+15	8.30e-01	1.70e-01	0.00e+00	0.00e+00	0.00e+00	0.00e+00	0.00e+00	0.00e+00	0.00e+00	5.19e-01	2.25e-01	8.46e-02
 1.00872e+15	8.37e-01	1.63e-01	0.00e+00	0.00e+00	0.00e+00	0.00e+00	0.00e+00	0.00e+00	0.00e+00	5.25e-01	2.26e-01	8.51e-02
 1.00938e+15	8.43e-01	1.57e-01	0.00e+00	0.00e+00	0.00e+00	0.00e+00	0.00e+00	0.00e+00	0.00e+00	5.30e-01	2.27e-01	8.56e-02
 1.01004e+15	8.50e-01	1.50e-01	0.00e+00	0.00e+00	0.00e+00	0.00e+00	0.00e+00	0.00e+00	0.00e+00	5.36e-01	2.28e-01	8.60e-02
 1.01069e+15	8.56e-01	1.44e-01	0.00e+00	0.00e+00	0.00e+00	0.00e+00	0.00e+00	0.00e+00	0.00e+00	5.41e-01	2.29e-01	8.64e-02
 1.01133e+15	8.62e-01	1.38e-01	0.00e+00	0.00e+00	0.00e+00	0.00e+00	0.00e+00	0.00e+00	0.00e+00	5.46e-01	2.29e-01	8.68e-02
 1.01196e+15	8.67e-01	1.33e-01	0.00e+00	0.00e+00	0.00e+00	0.00e+00	0.00e+00	0.00e+00	0.00e+00	5.50e-01	2.30e-01	8.71e-02
 1.01259e+15	8.73e-01	1.27e-01	0.00e+00	0.00e+00	0.00e+00	0.00e+00	0.00e+00	0.00e+00	0.00e+00	5.55e-01	2.30e-01	8.74e-02
 1.01321e+15	8.78e-01	1.22e-01	0.00e+00	0.00e+00	0.00e+00	0.00e+00	0.00e+00	0.00e+00	0.00e+00	5.59e-01	2.31e-01	8.77e-02
 1.01382e+15	8.83e-01	1.17e-01	0.00e+00	0.00e+00	0.00e+00	0.00e+00	0.00e+00	0.00e+00	0.00e+00	5.64e-01	2.31e-01	8.79e-02
 1.01443e+15	8.88e-01	1.12e-01	0.00e+00	0.00e+00	0.00e+00	0.00e+00	0.00e+00	0.00e+00	0.00e+00	5.68e-01	2.31e-01	8.82e-02
 1.01503e+15	8.92e-01	1.08e-01	0.00e+00	0.00e+00	0.00e+00	0.00e+00	0.00e+00	0.00e+00	0.00e+00	5.72e-01	2.31e-01	8.84e-02
 1.01563e+15	8.96e-01	1.04e-01	0.00e+00	0.00e+00	0.00e+00	0.00e+00	0.00e+00	0.00e+00	0.00e+00	5.76e-01	2.32e-01	8.85e-02
 1.01622e+15	9.01e-01	9.94e-02	0.00e+00	0.00e+00	0.00e+00	0.00e+00	0.00e+00	0.00e+00	0.00e+00	5.80e-01	2.32e-01	8.87e-02
 1.01681e+15	9.05e-01	9.54e-02	0.00e+00	0.00e+00	0.00e+00	0.00e+00	0.00e+00	0.00e+00	0.00e+00	5.84e-01	2.32e-01	8.88e-02
 1.01740e+15	9.08e-01	9.16e-02	0.00e+00	0.00e+00	0.00e+00	0.00e+00	0.00e+00	0.00e+00	0.00e+00	5.87e-01	2.32e-01	8.90e-02
 1.01798e+15	9.12e-01	8.79e-02	0.00e+00	0.00e+00	0.00e+00	0.00e+00	0.00e+00	0.00e+00	0.00e+00	5.91e-01	2.32e-01	8.91e-02
 1.01856e+15	9.16e-01	8.43e-02	0.00e+00	0.00e+00	0.00e+00	0.00e+00	0.00e+00	0.00e+00	0.00e+00	5.94e-01	2.32e-01	8.92e-02
 1.01913e+15	9.19e-01	8.10e-02	0.00e+00	0.00e+00	0.00e+00	0.00e+00	0.00e+00	0.00e+00	0.00e+00	5.98e-01	2.32e-01	8.92e-02
 1.01971e+15	9.22e-01	7.77e-02	0.00e+00	0.00e+00	0.00e+00	0.00e+00	0.00e+00	0.00e+00	0.00e+00	6.01e-01	2.32e-01	8.93e-02
 1.02027e+15	9.25e-01	7.45e-02	0.00e+00	0.00e+00	0.00e+00	0.00e+00	0.00e+00	0.00e+00	0.00e+00	6.04e-01	2.32e-01	8.93e-02
 1.02082e+15	9.29e-01	7.15e-02	0.00e+00	0.00e+00	0.00e+00	0.00e+00	0.00e+00	0.00e+00	0.00e+00	6.07e-01	2.32e-01	8.93e-02
 1.02139e+15	9.31e-01	6.86e-02	0.00e+00	0.00e+00	0.00e+00	0.00e+00	0.00e+00	0.00e+00	0.00e+00	6.11e-01	2.31e-01	8.94e-02
 1.02195e+15	9.34e-01	6.58e-02	0.00e+00	0.00e+00	0.00e+00	0.00e+00	0.00e+00	0.00e+00	0.00e+00	6.13e-01	2.31e-01	8.94e-02
 1.02251e+15	9.37e-01	6.32e-02	0.00e+00	0.00e+00	0.00e+00	0.00e+00	0.00e+00	0.00e+00	0.00e+00	6.16e-01	2.31e-01	8.94e-02
 1.02305e+15	9.39e-01	6.07e-02	0.00e+00	0.00e+00	0.00e+00	0.00e+00	0.00e+00	0.00e+00	0.00e+00	6.19e-01	2.31e-01	8.94e-02
 1.02359e+15	9.42e-01	5.82e-02	0.00e+00	0.00e+00	0.00e+00	0.00e+00	0.00e+00	0.00e+00	0.00e+00	6.22e-01	2.31e-01	8.93e-02
 1.02413e+15	9.44e-01	5.59e-02	0.00e+00	0.00e+00	0.00e+00	0.00e+00	0.00e+00	0.00e+00	0.00e+00	6.24e-01	2.30e-01	8.93e-02
 1.02467e+15	9.46e-01	5.36e-02	0.00e+00	0.00e+00	0.00e+00	0.00e+00	0.00e+00	0.00e+00	0.00e+00	6.27e-01	2.30e-01	8.92e-02
 1.02521e+15	9.49e-01	5.14e-02	0.00e+00	0.00e+00	0.00e+00	0.00e+00	0.00e+00	0.00e+00	0.00e+00	6.30e-01	2.30e-01	8.92e-02
 1.02573e+15	9.51e-01	4.93e-02	0.00e+00	0.00e+00	0.00e+00	0.00e+00	0.00e+00	0.00e+00	0.00e+00	6.32e-01	2.30e-01	8.91e-02
 1.02625e+15	9.53e-01	4.73e-02	0.00e+00	0.00e+00	0.00e+00	0.00e+00	0.00e+00	0.00e+00	0.00e+00	6.34e-01	2.29e-01	8.90e-02
 1.02676e+15	9.55e-01	4.54e-02	0.00e+00	0.00e+00	0.00e+00	0.00e+00	0.00e+00	0.00e+00	0.00e+00	6.37e-01	2.29e-01	8.89e-02
 1.02727e+15	9.57e-01	4.35e-02	0.00e+00	0.00e+00	0.00e+00	0.00e+00	0.00e+00	0.00e+00	0.00e+00	6.39e-01	2.29e-01	8.88e-02
 1.02778e+15	9.58e-01	4.17e-02	0.00e+00	0.00e+00	0.00e+00	0.00e+00	0.00e+00	0.00e+00	0.00e+00	6.41e-01	2.28e-01	8.87e-02
 1.02828e+15	9.60e-01	4.00e-02	0.00e+00	0.00e+00	0.00e+00	0.00e+00	0.00e+00	0.00e+00	0.00e+00	6.44e-01	2.28e-01	8.86e-02
 1.02876e+15	9.62e-01	3.83e-02	0.00e+00	0.00e+00	0.00e+00	0.00e+00	0.00e+00	0.00e+00	0.00e+00	6.46e-01	2.27e-01	8.84e-02
 1.02924e+15	9.63e-01	3.67e-02	0.00e+00	0.00e+00	0.00e+00	0.00e+00	0.00e+00	0.00e+00	0.00e+00	6.48e-01	2.27e-01	8.83e-02
 1.02971e+15	9.65e-01	3.52e-02	0.00e+00	0.00e+00	0.00e+00	0.00e+00	0.00e+00	0.00e+00	0.00e+00	6.50e-01	2.27e-01	8.81e-02
 1.03017e+15	9.66e-01	3.37e-02	0.00e+00	0.00e+00	0.00e+00	0.00e+00	0.00e+00	0.00e+00	0.00e+00	6.52e-01	2.26e-01	8.79e-02
 1.03061e+15	9.68e-01	3.23e-02	0.00e+00	0.00e+00	0.00e+00	0.00e+00	0.00e+00	0.00e+00	0.00e+00	6.55e-01	2.25e-01	8.77e-02
 1.03102e+15	9.69e-01	3.09e-02	0.00e+00	0.00e+00	0.00e+00	0.00e+00	0.00e+00	0.00e+00	0.00e+00	6.57e-01	2.25e-01	8.74e-02
 1.03139e+15	9.70e-01	2.97e-02	0.00e+00	0.00e+00	0.00e+00	0.00e+00	0.00e+00	0.00e+00	0.00e+00	6.59e-01	2.24e-01	8.72e-02
