#depth	He	He+	He+2
 7.77798e+09	1.75e-02	9.78e-01	4.69e-03
 4.66679e+10	1.75e-02	9.78e-01	4.69e-03
 2.02227e+11	1.75e-02	9.78e-01	4.68e-03
 8.24466e+11	1.75e-02	9.78e-01	4.66e-03
 1.96938e+12	1.75e-02	9.78e-01	4.68e-03
 3.45778e+12	1.75e-02	9.78e-01	4.69e-03
 5.39269e+12	1.75e-02	9.78e-01	4.67e-03
 7.90808e+12	1.75e-02	9.78e-01	4.61e-03
 1.11781e+13	1.75e-02	9.78e-01	4.52e-03
 1.54291e+13	1.75e-02	9.78e-01	4.38e-03
 2.09554e+13	1.75e-02	9.78e-01	4.15e-03
 2.81396e+13	1.75e-02	9.79e-01	3.84e-03
 3.74790e+13	1.76e-02	9.79e-01	3.43e-03
 4.96203e+13	1.78e-02	9.79e-01	2.92e-03
 6.54040e+13	1.80e-02	9.80e-01	2.33e-03
 8.59228e+13	1.83e-02	9.80e-01	1.71e-03
 1.12597e+14	1.87e-02	9.80e-01	1.13e-03
 1.47274e+14	1.95e-02	9.80e-01	6.55e-04
 1.92354e+14	2.06e-02	9.79e-01	3.23e-04
 2.50957e+14	2.23e-02	9.78e-01	1.31e-04
 2.98285e+14	2.36e-02	9.76e-01	6.33e-05
 3.28114e+14	2.48e-02	9.75e-01	4.09e-05
 3.60925e+14	2.63e-02	9.74e-01	2.57e-05
 3.97018e+14	2.83e-02	9.72e-01	1.56e-05
 4.36719e+14	3.09e-02	9.69e-01	9.19e-06
 4.80391e+14	3.45e-02	9.65e-01	5.25e-06
 5.28430e+14	3.94e-02	9.61e-01	2.92e-06
 5.73337e+14	4.54e-02	9.55e-01	1.75e-06
 6.08623e+14	5.17e-02	9.48e-01	1.19e-06
 6.38539e+14	5.84e-02	9.42e-01	8.63e-07
 6.71597e+14	6.81e-02	9.32e-01	6.03e-07
 7.06283e+14	8.20e-02	9.18e-01	4.24e-07
 7.35325e+14	9.83e-02	9.02e-01	3.17e-07
 7.59834e+14	1.17e-01	8.83e-01	2.47e-07
 7.81578e+14	1.39e-01	8.61e-01	1.95e-07
 8.01214e+14	1.66e-01	8.34e-01	1.58e-07
 8.19006e+14	2.00e-01	8.00e-01	1.29e-07
 8.34885e+14	2.40e-01	7.60e-01	1.05e-07
 8.48942e+14	2.88e-01	7.12e-01	8.74e-08
 8.61477e+14	3.42e-01	6.58e-01	7.19e-08
 8.72894e+14	4.04e-01	5.96e-01	5.84e-08
 8.83763e+14	4.75e-01	5.25e-01	4.64e-08
 8.94266e+14	5.54e-01	4.46e-01	3.56e-08
 9.04426e+14	6.35e-01	3.65e-01	2.63e-08
 9.16002e+14	7.28e-01	2.72e-01	1.74e-08
 9.28707e+14	8.17e-01	1.83e-01	1.04e-08
 9.40708e+14	8.82e-01	1.18e-01	6.02e-09
 9.52034e+14	9.24e-01	7.61e-02	3.52e-09
 9.62481e+14	9.50e-01	5.04e-02	2.14e-09
 9.71883e+14	9.65e-01	3.47e-02	1.37e-09
 9.80140e+14	9.75e-01	2.52e-02	9.43e-10
 9.87422e+14	9.81e-01	1.91e-02	6.80e-10
 9.94119e+14	9.85e-01	1.48e-02	5.08e-10
 1.00038e+15	9.88e-01	1.17e-02	3.90e-10
 1.00622e+15	9.91e-01	9.46e-03	3.08e-10
 1.01158e+15	9.92e-01	7.81e-03	2.51e-10
 1.01651e+15	9.93e-01	6.60e-03	2.11e-10
 1.02098e+15	9.94e-01	5.70e-03	1.83e-10
 1.02471e+15	9.95e-01	5.09e-03	1.65e-10
 1.02758e+15	9.95e-01	4.68e-03	1.55e-10
 1.02985e+15	9.96e-01	4.40e-03	1.48e-10
 1.03185e+15	9.96e-01	4.17e-03	1.43e-10
 1.03374e+15	9.96e-01	3.97e-03	1.38e-10
 1.03551e+15	9.96e-01	3.81e-03	1.36e-10
 1.03709e+15	9.96e-01	3.67e-03	1.34e-10
 1.03851e+15	9.96e-01	3.57e-03	1.34e-10
 1.03984e+15	9.97e-01	3.48e-03	1.33e-10
 1.04110e+15	9.97e-01	3.40e-03	1.34e-10
 1.04213e+15	9.97e-01	3.35e-03	1.34e-10
 1.04289e+15	9.97e-01	3.31e-03	1.35e-10
 1.04360e+15	9.97e-01	3.27e-03	1.35e-10
 1.04438e+15	9.97e-01	3.23e-03	1.36e-10
 1.04519e+15	9.97e-01	3.19e-03	1.37e-10
 1.04599e+15	9.97e-01	3.16e-03	1.39e-10
 1.04677e+15	9.97e-01	3.13e-03	1.40e-10
 1.04753e+15	9.97e-01	3.11e-03	1.42e-10
 1.04830e+15	9.97e-01	3.08e-03	1.44e-10
 1.04906e+15	9.97e-01	3.06e-03	1.47e-10
 1.04981e+15	9.97e-01	3.04e-03	1.49e-10
 1.05056e+15	9.97e-01	3.03e-03	1.52e-10
 1.05130e+15	9.97e-01	3.01e-03	1.55e-10
 1.05204e+15	9.97e-01	3.00e-03	1.58e-10
 1.05277e+15	9.97e-01	2.99e-03	1.61e-10
 1.05350e+15	9.97e-01	2.98e-03	1.65e-10
 1.05423e+15	9.97e-01	2.97e-03	1.69e-10
 1.05495e+15	9.97e-01	2.97e-03	1.73e-10
 1.05567e+15	9.97e-01	2.96e-03	1.77e-10
 1.05638e+15	9.97e-01	2.96e-03	1.82e-10
 1.05708e+15	9.97e-01	2.96e-03	1.87e-10
 1.05779e+15	9.97e-01	2.96e-03	1.92e-10
 1.05848e+15	9.97e-01	2.96e-03	1.98e-10
 1.05916e+15	9.97e-01	2.96e-03	2.03e-10
 1.05983e+15	9.97e-01	2.97e-03	2.09e-10
 1.06050e+15	9.97e-01	2.97e-03	2.15e-10
 1.06115e+15	9.97e-01	2.97e-03	2.22e-10
 1.06180e+15	9.97e-01	2.98e-03	2.28e-10
 1.06245e+15	9.97e-01	2.99e-03	2.35e-10
 1.06309e+15	9.97e-01	3.00e-03	2.43e-10
 1.06372e+15	9.97e-01	3.01e-03	2.50e-10
 1.06434e+15	9.97e-01	3.02e-03	2.58e-10
 1.06496e+15	9.97e-01	3.03e-03	2.66e-10
 1.06558e+15	9.97e-01	3.04e-03	2.74e-10
 1.06619e+15	9.97e-01	3.05e-03	2.83e-10
 1.06679e+15	9.97e-01	3.06e-03	2.92e-10
 1.06740e+15	9.97e-01	3.08e-03	3.01e-10
 1.06799e+15	9.97e-01	3.09e-03	3.11e-10
 1.06859e+15	9.97e-01	3.10e-03	3.21e-10
 1.06918e+15	9.97e-01	3.12e-03	3.31e-10
 1.06976e+15	9.97e-01	3.14e-03	3.42e-10
 1.07034e+15	9.97e-01	3.15e-03	3.53e-10
 1.07092e+15	9.97e-01	3.17e-03	3.64e-10
 1.07149e+15	9.97e-01	3.18e-03	3.76e-10
 1.07207e+15	9.97e-01	3.20e-03	3.88e-10
 1.07264e+15	9.97e-01	3.22e-03	4.00e-10
 1.07321e+15	9.97e-01	3.24e-03	4.13e-10
 1.07377e+15	9.97e-01	3.26e-03	4.27e-10
 1.07434e+15	9.97e-01	3.27e-03	4.40e-10
 1.07490e+15	9.97e-01	3.29e-03	4.55e-10
 1.07546e+15	9.97e-01	3.31e-03	4.69e-10
 1.07601e+15	9.97e-01	3.33e-03	4.84e-10
 1.07656e+15	9.97e-01	3.35e-03	4.99e-10
 1.07711e+15	9.97e-01	3.37e-03	5.15e-10
 1.07766e+15	9.97e-01	3.39e-03	5.30e-10
 1.07820e+15	9.97e-01	3.41e-03	5.47e-10
 1.07875e+15	9.97e-01	3.44e-03	5.63e-10
 1.07929e+15	9.97e-01	3.46e-03	5.80e-10
 1.07982e+15	9.97e-01	3.48e-03	5.98e-10
 1.08034e+15	9.96e-01	3.50e-03	6.15e-10
 1.08087e+15	9.96e-01	3.53e-03	6.34e-10
 1.08139e+15	9.96e-01	3.55e-03	6.52e-10
 1.08190e+15	9.96e-01	3.58e-03	6.70e-10
 1.08241e+15	9.96e-01	3.60e-03	6.90e-10
 1.08291e+15	9.96e-01	3.63e-03	7.09e-10
 1.08340e+15	9.96e-01	3.66e-03	7.28e-10
 1.08388e+15	9.96e-01	3.69e-03	7.47e-10
 1.08435e+15	9.96e-01	3.73e-03	7.66e-10
 1.08482e+15	9.96e-01	3.76e-03	7.86e-10
 1.08527e+15	9.96e-01	3.80e-03	8.04e-10
 1.08569e+15	9.96e-01	3.83e-03	8.21e-10
