#depth	He	He+	He+2
 7.69868e+09	1.88e-02	9.77e-01	4.38e-03
 4.61921e+10	1.88e-02	9.77e-01	4.38e-03
 2.00166e+11	1.88e-02	9.77e-01	4.37e-03
 8.16060e+11	1.88e-02	9.77e-01	4.35e-03
 1.94931e+12	1.88e-02	9.77e-01	4.37e-03
 3.42253e+12	1.87e-02	9.77e-01	4.37e-03
 5.33771e+12	1.87e-02	9.77e-01	4.34e-03
 7.82745e+12	1.87e-02	9.77e-01	4.29e-03
 1.10641e+13	1.87e-02	9.77e-01	4.20e-03
 1.52718e+13	1.87e-02	9.77e-01	4.05e-03
 2.07417e+13	1.88e-02	9.77e-01	3.84e-03
 2.78527e+13	1.88e-02	9.78e-01	3.54e-03
 3.70969e+13	1.89e-02	9.78e-01	3.16e-03
 4.91144e+13	1.91e-02	9.78e-01	2.68e-03
 6.47372e+13	1.93e-02	9.79e-01	2.13e-03
 8.50468e+13	1.96e-02	9.79e-01	1.56e-03
 1.11449e+14	2.02e-02	9.79e-01	1.03e-03
 1.45772e+14	2.10e-02	9.78e-01	5.95e-04
 1.90393e+14	2.22e-02	9.78e-01	2.93e-04
 2.48399e+14	2.42e-02	9.76e-01	1.19e-04
 2.95244e+14	2.57e-02	9.74e-01	5.73e-05
 3.24769e+14	2.71e-02	9.73e-01	3.70e-05
 3.57245e+14	2.89e-02	9.71e-01	2.32e-05
 3.92970e+14	3.12e-02	9.69e-01	1.41e-05
 4.32267e+14	3.43e-02	9.66e-01	8.30e-06
 4.75494e+14	3.86e-02	9.61e-01	4.74e-06
 5.17741e+14	4.39e-02	9.56e-01	2.83e-06
 5.53758e+14	4.98e-02	9.50e-01	1.86e-06
 5.85134e+14	5.64e-02	9.44e-01	1.30e-06
 6.14571e+14	6.43e-02	9.36e-01	9.38e-07
 6.43287e+14	7.43e-02	9.26e-01	6.83e-07
 6.70987e+14	8.70e-02	9.13e-01	5.09e-07
 6.97191e+14	1.04e-01	8.96e-01	3.85e-07
 7.21480e+14	1.24e-01	8.76e-01	2.95e-07
 7.42991e+14	1.49e-01	8.51e-01	2.34e-07
 7.61552e+14	1.79e-01	8.21e-01	1.89e-07
 7.77791e+14	2.15e-01	7.85e-01	1.55e-07
 7.92329e+14	2.57e-01	7.43e-01	1.28e-07
 8.05460e+14	3.07e-01	6.93e-01	1.05e-07
 8.17435e+14	3.65e-01	6.35e-01	8.53e-08
 8.28631e+14	4.33e-01	5.67e-01	6.84e-08
 8.39120e+14	5.08e-01	4.92e-01	5.33e-08
 8.49051e+14	5.89e-01	4.11e-01	4.02e-08
 8.58589e+14	6.71e-01	3.29e-01	2.93e-08
 8.69246e+14	7.58e-01	2.42e-01	1.92e-08
 8.83100e+14	8.50e-01	1.50e-01	1.03e-08
 8.97680e+14	9.17e-01	8.29e-02	5.02e-09
 9.10430e+14	9.52e-01	4.82e-02	2.61e-09
 9.20804e+14	9.69e-01	3.12e-02	1.56e-09
 9.28624e+14	9.77e-01	2.27e-02	1.07e-09
 9.35416e+14	9.83e-01	1.72e-02	7.74e-10
 9.43114e+14	9.88e-01	1.25e-02	5.35e-10
 9.51037e+14	9.91e-01	9.19e-03	3.79e-10
 9.57173e+14	9.93e-01	7.34e-03	2.96e-10
 9.61905e+14	9.94e-01	6.18e-03	2.46e-10
 9.66539e+14	9.95e-01	5.21e-03	2.06e-10
 9.71230e+14	9.96e-01	4.45e-03	1.77e-10
 9.75056e+14	9.96e-01	3.95e-03	1.59e-10
 9.77793e+14	9.96e-01	3.65e-03	1.50e-10
 9.79898e+14	9.97e-01	3.44e-03	1.43e-10
 9.81819e+14	9.97e-01	3.26e-03	1.38e-10
 9.83676e+14	9.97e-01	3.10e-03	1.34e-10
 9.85406e+14	9.97e-01	2.98e-03	1.32e-10
 9.86937e+14	9.97e-01	2.88e-03	1.30e-10
 9.88323e+14	9.97e-01	2.80e-03	1.29e-10
 9.89634e+14	9.97e-01	2.72e-03	1.29e-10
 9.90880e+14	9.97e-01	2.66e-03	1.29e-10
 9.91910e+14	9.97e-01	2.62e-03	1.29e-10
 9.92666e+14	9.97e-01	2.59e-03	1.30e-10
 9.93369e+14	9.97e-01	2.56e-03	1.31e-10
 9.94138e+14	9.97e-01	2.53e-03	1.31e-10
 9.94944e+14	9.98e-01	2.50e-03	1.32e-10
 9.95732e+14	9.98e-01	2.47e-03	1.34e-10
 9.96497e+14	9.98e-01	2.45e-03	1.35e-10
 9.97254e+14	9.98e-01	2.43e-03	1.37e-10
 9.98009e+14	9.98e-01	2.41e-03	1.39e-10
 9.98761e+14	9.98e-01	2.39e-03	1.41e-10
 9.99507e+14	9.98e-01	2.38e-03	1.43e-10
 1.00024e+15	9.98e-01	2.37e-03	1.46e-10
 1.00097e+15	9.98e-01	2.35e-03	1.49e-10
 1.00170e+15	9.98e-01	2.34e-03	1.52e-10
 1.00243e+15	9.98e-01	2.34e-03	1.55e-10
 1.00315e+15	9.98e-01	2.33e-03	1.58e-10
 1.00386e+15	9.98e-01	2.32e-03	1.62e-10
 1.00457e+15	9.98e-01	2.32e-03	1.66e-10
 1.00528e+15	9.98e-01	2.32e-03	1.70e-10
 1.00597e+15	9.98e-01	2.31e-03	1.74e-10
 1.00667e+15	9.98e-01	2.31e-03	1.79e-10
 1.00736e+15	9.98e-01	2.31e-03	1.84e-10
 1.00804e+15	9.98e-01	2.31e-03	1.89e-10
 1.00872e+15	9.98e-01	2.32e-03	1.94e-10
 1.00938e+15	9.98e-01	2.32e-03	2.00e-10
 1.01004e+15	9.98e-01	2.32e-03	2.06e-10
 1.01069e+15	9.98e-01	2.33e-03	2.12e-10
 1.01133e+15	9.98e-01	2.33e-03	2.18e-10
 1.01196e+15	9.98e-01	2.34e-03	2.24e-10
 1.01259e+15	9.98e-01	2.35e-03	2.31e-10
 1.01321e+15	9.98e-01	2.35e-03	2.38e-10
 1.01382e+15	9.98e-01	2.36e-03	2.45e-10
 1.01443e+15	9.98e-01	2.37e-03	2.53e-10
 1.01503e+15	9.98e-01	2.38e-03	2.61e-10
 1.01563e+15	9.98e-01	2.39e-03	2.69e-10
 1.01622e+15	9.98e-01	2.40e-03	2.77e-10
 1.01681e+15	9.98e-01	2.41e-03	2.86e-10
 1.01740e+15	9.98e-01	2.42e-03	2.95e-10
 1.01798e+15	9.98e-01	2.44e-03	3.05e-10
 1.01856e+15	9.98e-01	2.45e-03	3.14e-10
 1.01913e+15	9.98e-01	2.46e-03	3.24e-10
 1.01971e+15	9.98e-01	2.47e-03	3.34e-10
 1.02027e+15	9.98e-01	2.49e-03	3.45e-10
 1.02082e+15	9.98e-01	2.50e-03	3.55e-10
 1.02139e+15	9.97e-01	2.51e-03	3.66e-10
 1.02195e+15	9.97e-01	2.53e-03	3.78e-10
 1.02251e+15	9.97e-01	2.54e-03	3.90e-10
 1.02305e+15	9.97e-01	2.56e-03	4.02e-10
 1.02359e+15	9.97e-01	2.57e-03	4.14e-10
 1.02413e+15	9.97e-01	2.59e-03	4.27e-10
 1.02467e+15	9.97e-01	2.61e-03	4.40e-10
 1.02521e+15	9.97e-01	2.62e-03	4.53e-10
 1.02573e+15	9.97e-01	2.64e-03	4.67e-10
 1.02625e+15	9.97e-01	2.66e-03	4.80e-10
 1.02676e+15	9.97e-01	2.68e-03	4.94e-10
 1.02727e+15	9.97e-01	2.69e-03	5.09e-10
 1.02778e+15	9.97e-01	2.71e-03	5.23e-10
 1.02828e+15	9.97e-01	2.73e-03	5.38e-10
 1.02876e+15	9.97e-01	2.76e-03	5.53e-10
 1.02924e+15	9.97e-01	2.78e-03	5.67e-10
 1.02971e+15	9.97e-01	2.80e-03	5.82e-10
 1.03017e+15	9.97e-01	2.82e-03	5.96e-10
 1.03061e+15	9.97e-01	2.85e-03	6.10e-10
 1.03102e+15	9.97e-01	2.88e-03	6.23e-10
 1.03139e+15	9.97e-01	2.90e-03	6.34e-10
