#depth	He	He+	He+2
 5.40542e+08	1.49e-01	8.51e-01	4.20e-04
 3.24325e+09	1.49e-01	8.50e-01	4.18e-04
 1.40541e+10	1.49e-01	8.50e-01	4.17e-04
 5.72975e+10	1.50e-01	8.50e-01	4.15e-04
 1.36865e+11	1.50e-01	8.50e-01	4.15e-04
 2.40303e+11	1.50e-01	8.50e-01	4.13e-04
 3.74773e+11	1.50e-01	8.50e-01	4.10e-04
 5.49583e+11	1.51e-01	8.49e-01	4.04e-04
 7.76837e+11	1.53e-01	8.47e-01	3.95e-04
 1.07227e+12	1.55e-01	8.44e-01	3.82e-04
 1.45633e+12	1.59e-01	8.40e-01	3.64e-04
 1.95560e+12	1.65e-01	8.34e-01	3.40e-04
 2.60466e+12	1.75e-01	8.25e-01	3.09e-04
 3.44844e+12	1.90e-01	8.10e-01	2.69e-04
 4.43264e+12	2.11e-01	7.88e-01	2.27e-04
 5.42863e+12	2.40e-01	7.60e-01	1.89e-04
 6.32458e+12	2.72e-01	7.28e-01	1.58e-04
 7.07045e+12	3.07e-01	6.93e-01	1.34e-04
 7.70060e+12	3.43e-01	6.57e-01	1.15e-04
 8.25578e+12	3.80e-01	6.20e-01	9.95e-05
 8.76695e+12	4.19e-01	5.81e-01	8.61e-05
 9.24420e+12	4.61e-01	5.39e-01	7.45e-05
 9.68458e+12	5.02e-01	4.98e-01	6.47e-05
 1.00944e+13	5.45e-01	4.55e-01	5.62e-05
 1.04780e+13	5.86e-01	4.14e-01	4.91e-05
 1.08110e+13	6.22e-01	3.78e-01	4.36e-05
 1.10701e+13	6.50e-01	3.50e-01	3.99e-05
 1.12697e+13	6.71e-01	3.29e-01	3.71e-05
 1.14443e+13	6.89e-01	3.11e-01	3.50e-05
 1.16074e+13	7.06e-01	2.94e-01	3.31e-05
 1.17597e+13	7.21e-01	2.79e-01	3.16e-05
 1.19006e+13	7.34e-01	2.66e-01	3.02e-05
 1.20275e+13	7.46e-01	2.54e-01	2.91e-05
 1.21480e+13	7.56e-01	2.44e-01	2.81e-05
 1.22645e+13	7.66e-01	2.34e-01	2.73e-05
 1.23734e+13	7.75e-01	2.25e-01	2.65e-05
 1.24591e+13	7.81e-01	2.19e-01	2.61e-05
 1.25221e+13	7.86e-01	2.14e-01	2.57e-05
 1.25831e+13	7.90e-01	2.10e-01	2.53e-05
 1.26510e+13	7.95e-01	2.05e-01	2.49e-05
 1.27229e+13	8.00e-01	2.00e-01	2.45e-05
 1.27922e+13	8.05e-01	1.95e-01	2.43e-05
 1.28598e+13	8.09e-01	1.91e-01	2.39e-05
 1.29273e+13	8.13e-01	1.87e-01	2.37e-05
 1.29950e+13	8.18e-01	1.82e-01	2.34e-05
 1.30627e+13	8.22e-01	1.78e-01	2.32e-05
 1.31307e+13	8.26e-01	1.74e-01	2.30e-05
 1.31990e+13	8.29e-01	1.70e-01	2.28e-05
 1.32659e+13	8.33e-01	1.67e-01	2.26e-05
 1.33324e+13	8.37e-01	1.63e-01	2.25e-05
 1.34001e+13	8.40e-01	1.60e-01	2.23e-05
 1.34676e+13	8.43e-01	1.57e-01	2.22e-05
 1.35348e+13	8.47e-01	1.53e-01	2.21e-05
 1.36021e+13	8.50e-01	1.50e-01	2.20e-05
 1.36696e+13	8.53e-01	1.47e-01	2.19e-05
 1.37377e+13	8.56e-01	1.44e-01	2.18e-05
 1.38048e+13	8.58e-01	1.42e-01	2.17e-05
 1.38718e+13	8.61e-01	1.39e-01	2.17e-05
 1.39398e+13	8.64e-01	1.36e-01	2.16e-05
 1.40077e+13	8.66e-01	1.34e-01	2.16e-05
 1.40752e+13	8.69e-01	1.31e-01	2.16e-05
 1.41427e+13	8.71e-01	1.29e-01	2.16e-05
 1.42101e+13	8.73e-01	1.27e-01	2.15e-05
 1.42772e+13	8.76e-01	1.24e-01	2.16e-05
 1.43440e+13	8.78e-01	1.22e-01	2.16e-05
 1.44106e+13	8.80e-01	1.20e-01	2.16e-05
 1.44777e+13	8.82e-01	1.18e-01	2.16e-05
 1.45450e+13	8.84e-01	1.16e-01	2.16e-05
 1.46118e+13	8.86e-01	1.14e-01	2.16e-05
 1.46783e+13	8.88e-01	1.12e-01	2.17e-05
 1.47448e+13	8.90e-01	1.10e-01	2.17e-05
 1.48108e+13	8.91e-01	1.09e-01	2.17e-05
 1.48772e+13	8.93e-01	1.07e-01	2.17e-05
 1.49444e+13	8.95e-01	1.05e-01	2.17e-05
 1.50118e+13	8.97e-01	1.03e-01	2.17e-05
 1.50786e+13	8.98e-01	1.02e-01	2.18e-05
 1.51451e+13	9.00e-01	9.99e-02	2.18e-05
 1.52123e+13	9.02e-01	9.84e-02	2.18e-05
 1.52801e+13	9.03e-01	9.67e-02	2.18e-05
 1.53477e+13	9.05e-01	9.52e-02	2.18e-05
 1.54157e+13	9.06e-01	9.35e-02	2.18e-05
 1.54847e+13	9.08e-01	9.21e-02	2.18e-05
 1.55539e+13	9.09e-01	9.05e-02	2.18e-05
 1.56226e+13	9.11e-01	8.90e-02	2.18e-05
 1.56921e+13	9.13e-01	8.74e-02	2.17e-05
 1.57630e+13	9.14e-01	8.59e-02	2.17e-05
 1.58340e+13	9.16e-01	8.44e-02	2.16e-05
 1.59050e+13	9.17e-01	8.29e-02	2.16e-05
 1.59768e+13	9.19e-01	8.14e-02	2.15e-05
 1.60500e+13	9.20e-01	7.99e-02	2.14e-05
 1.61236e+13	9.22e-01	7.84e-02	2.13e-05
 1.61977e+13	9.23e-01	7.69e-02	2.12e-05
 1.62725e+13	9.25e-01	7.54e-02	2.11e-05
 1.63477e+13	9.26e-01	7.39e-02	2.09e-05
 1.64242e+13	9.28e-01	7.24e-02	2.08e-05
 1.65025e+13	9.29e-01	7.09e-02	2.06e-05
 1.65812e+13	9.31e-01	6.94e-02	2.04e-05
 1.66597e+13	9.32e-01	6.79e-02	2.02e-05
 1.67398e+13	9.34e-01	6.64e-02	2.00e-05
 1.68223e+13	9.35e-01	6.49e-02	1.98e-05
 1.69052e+13	9.37e-01	6.34e-02	1.95e-05
 1.69878e+13	9.38e-01	6.19e-02	1.92e-05
 1.70726e+13	9.40e-01	6.04e-02	1.89e-05
 1.71600e+13	9.41e-01	5.89e-02	1.86e-05
 1.72481e+13	9.43e-01	5.73e-02	1.83e-05
 1.73365e+13	9.44e-01	5.58e-02	1.80e-05
 1.74266e+13	9.46e-01	5.43e-02	1.76e-05
 1.75188e+13	9.47e-01	5.28e-02	1.73e-05
 1.76121e+13	9.49e-01	5.13e-02	1.69e-05
 1.77064e+13	9.50e-01	4.98e-02	1.65e-05
 1.78022e+13	9.52e-01	4.84e-02	1.61e-05
 1.78998e+13	9.53e-01	4.69e-02	1.57e-05
 1.79985e+13	9.55e-01	4.54e-02	1.52e-05
 1.80989e+13	9.56e-01	4.40e-02	1.48e-05
 1.82018e+13	9.57e-01	4.25e-02	1.44e-05
 1.83059e+13	9.59e-01	4.11e-02	1.39e-05
 1.84112e+13	9.60e-01	3.97e-02	1.35e-05
 1.85167e+13	9.62e-01	3.84e-02	1.30e-05
 1.86241e+13	9.63e-01	3.70e-02	1.26e-05
 1.87347e+13	9.64e-01	3.57e-02	1.21e-05
 1.88462e+13	9.66e-01	3.44e-02	1.17e-05
 1.89570e+13	9.67e-01	3.31e-02	1.12e-05
 1.90696e+13	9.68e-01	3.19e-02	1.08e-05
 1.91862e+13	9.69e-01	3.07e-02	1.03e-05
 1.93011e+13	9.70e-01	2.95e-02	9.90e-06
 1.94165e+13	9.72e-01	2.84e-02	9.52e-06
 1.95316e+13	9.73e-01	2.74e-02	9.12e-06
 1.96467e+13	9.74e-01	2.63e-02	8.73e-06
 1.97661e+13	9.75e-01	2.53e-02	8.35e-06
 1.98858e+13	9.76e-01	2.43e-02	7.97e-06
 2.00047e+13	9.77e-01	2.34e-02	7.62e-06
 2.01235e+13	9.77e-01	2.25e-02	7.28e-06
 2.02426e+13	9.78e-01	2.17e-02	6.95e-06
 2.03614e+13	9.79e-01	2.09e-02	6.64e-06
 2.04797e+13	9.80e-01	2.01e-02	6.34e-06
 2.05979e+13	9.81e-01	1.94e-02	6.06e-06
 2.07160e+13	9.81e-01	1.87e-02	5.78e-06
 2.08327e+13	9.82e-01	1.81e-02	5.53e-06
 2.09482e+13	9.82e-01	1.75e-02	5.28e-06
 2.10637e+13	9.83e-01	1.69e-02	5.05e-06
 2.11788e+13	9.84e-01	1.64e-02	4.83e-06
