#depth	He	He+	He+2
 1.07486e+12	1.52e-04	7.25e-01	2.75e-01
 6.44914e+12	1.52e-04	7.25e-01	2.75e-01
 2.79463e+13	1.52e-04	7.25e-01	2.75e-01
 1.13935e+14	1.53e-04	7.27e-01	2.73e-01
 2.72154e+14	1.53e-04	7.27e-01	2.73e-01
 4.77838e+14	1.53e-04	7.29e-01	2.71e-01
 7.45228e+14	1.54e-04	7.33e-01	2.67e-01
 1.09284e+15	1.56e-04	7.38e-01	2.62e-01
 1.54472e+15	1.59e-04	7.45e-01	2.54e-01
 2.13218e+15	1.64e-04	7.57e-01	2.43e-01
 2.89587e+15	1.71e-04	7.72e-01	2.28e-01
 3.88867e+15	1.81e-04	7.93e-01	2.07e-01
 5.17931e+15	1.96e-04	8.20e-01	1.80e-01
 6.85715e+15	2.16e-04	8.54e-01	1.46e-01
 8.96167e+15	2.43e-04	8.90e-01	1.09e-01
 1.13203e+16	2.74e-04	9.24e-01	7.60e-02
 1.37732e+16	3.06e-04	9.49e-01	5.05e-02
 1.63243e+16	3.39e-04	9.67e-01	3.23e-02
 1.89774e+16	3.74e-04	9.80e-01	2.01e-02
 2.17366e+16	4.10e-04	9.87e-01	1.22e-02
 2.43005e+16	4.44e-04	9.92e-01	7.69e-03
 2.67305e+16	4.78e-04	9.95e-01	4.98e-03
 2.94036e+16	5.15e-04	9.96e-01	3.11e-03
 3.23439e+16	5.58e-04	9.98e-01	1.87e-03
 3.55619e+16	6.06e-04	9.98e-01	1.09e-03
 3.89845e+16	6.59e-04	9.99e-01	6.22e-04
 4.25440e+16	7.16e-04	9.99e-01	3.54e-04
 4.62459e+16	7.78e-04	9.99e-01	2.01e-04
 5.00959e+16	8.45e-04	9.99e-01	1.14e-04
 5.40998e+16	9.18e-04	9.99e-01	6.45e-05
 5.82640e+16	9.97e-04	9.99e-01	3.67e-05
 6.25947e+16	1.08e-03	9.99e-01	2.09e-05
 6.70986e+16	1.17e-03	9.99e-01	1.20e-05
 7.17827e+16	1.27e-03	9.99e-01	6.89e-06
 7.66541e+16	1.38e-03	9.99e-01	3.98e-06
 8.17204e+16	1.50e-03	9.98e-01	2.31e-06
 8.69894e+16	1.63e-03	9.98e-01	1.35e-06
 9.24691e+16	1.77e-03	9.98e-01	7.87e-07
 9.81680e+16	1.92e-03	9.98e-01	4.62e-07
 1.04095e+17	2.09e-03	9.98e-01	2.71e-07
 1.10259e+17	2.27e-03	9.98e-01	1.60e-07
 1.16423e+17	2.47e-03	9.98e-01	9.68e-08
 1.22437e+17	2.67e-03	9.97e-01	6.04e-08
 1.28938e+17	2.90e-03	9.97e-01	3.67e-08
 1.35878e+17	3.15e-03	9.97e-01	2.23e-08
 1.42564e+17	3.42e-03	9.97e-01	1.41e-08
 1.49003e+17	3.69e-03	9.96e-01	9.21e-09
 1.56231e+17	4.03e-03	9.96e-01	5.78e-09
 1.63969e+17	4.40e-03	9.96e-01	3.67e-09
 1.70904e+17	4.77e-03	9.95e-01	2.51e-09
 1.77384e+17	5.14e-03	9.95e-01	1.80e-09
 1.84836e+17	5.63e-03	9.94e-01	1.26e-09
 1.92865e+17	6.18e-03	9.94e-01	9.12e-10
 1.99943e+17	6.73e-03	9.93e-01	7.14e-10
 2.06392e+17	7.28e-03	9.93e-01	5.90e-10
 2.13722e+17	8.00e-03	9.92e-01	4.93e-10
 2.21570e+17	8.86e-03	9.91e-01	4.26e-10
 2.28363e+17	9.71e-03	9.90e-01	3.88e-10
 2.34397e+17	1.06e-02	9.89e-01	3.64e-10
 2.41174e+17	1.17e-02	9.88e-01	3.45e-10
 2.48394e+17	1.31e-02	9.87e-01	3.32e-10
 2.54540e+17	1.45e-02	9.85e-01	3.24e-10
 2.59859e+17	1.60e-02	9.84e-01	3.21e-10
 2.65755e+17	1.79e-02	9.82e-01	3.18e-10
 2.72047e+17	2.04e-02	9.80e-01	3.17e-10
 2.77346e+17	2.29e-02	9.77e-01	3.18e-10
 2.81836e+17	2.56e-02	9.74e-01	3.20e-10
 2.86782e+17	2.93e-02	9.71e-01	3.22e-10
 2.92045e+17	3.42e-02	9.66e-01	3.26e-10
 2.96453e+17	3.97e-02	9.60e-01	3.30e-10
 3.00126e+17	4.56e-02	9.54e-01	3.34e-10
 3.04110e+17	5.39e-02	9.46e-01	3.38e-10
 3.08402e+17	6.62e-02	9.34e-01	3.43e-10
 3.12043e+17	8.14e-02	9.19e-01	3.50e-10
 3.14674e+17	9.63e-02	9.04e-01	3.60e-10
 3.16575e+17	1.11e-01	8.89e-01	3.64e-10
 3.18308e+17	1.27e-01	8.73e-01	3.69e-10
 3.20294e+17	1.52e-01	8.48e-01	3.74e-10
 3.22406e+17	1.86e-01	8.14e-01	3.81e-10
 3.24045e+17	2.25e-01	7.75e-01	3.85e-10
 3.25167e+17	2.59e-01	7.41e-01	3.84e-10
 3.26102e+17	2.93e-01	7.07e-01	3.87e-10
 3.27160e+17	3.40e-01	6.60e-01	3.81e-10
 3.28321e+17	4.04e-01	5.96e-01	3.65e-10
 3.29336e+17	4.71e-01	5.29e-01	3.49e-10
 3.30196e+17	5.35e-01	4.65e-01	3.36e-10
 3.31132e+17	6.12e-01	3.88e-01	2.99e-10
 3.32350e+17	7.11e-01	2.89e-01	2.47e-10
 3.33674e+17	8.10e-01	1.90e-01	1.80e-10
 3.35137e+17	8.90e-01	1.10e-01	1.13e-10
 3.37037e+17	9.48e-01	5.17e-02	5.87e-11
 3.39174e+17	9.78e-01	2.21e-02	2.75e-11
 3.41104e+17	9.89e-01	1.11e-02	1.53e-11
 3.42468e+17	9.93e-01	7.40e-03	1.11e-11
 3.43307e+17	9.94e-01	5.96e-03	9.87e-12
 3.44097e+17	9.95e-01	4.92e-03	8.87e-12
 3.45123e+17	9.96e-01	3.95e-03	8.17e-12
 3.46112e+17	9.97e-01	3.29e-03	8.10e-12
 3.46787e+17	9.97e-01	2.94e-03	8.42e-12
 3.47280e+17	9.97e-01	2.69e-03	8.83e-12
 3.47806e+17	9.98e-01	2.45e-03	9.49e-12
 3.48389e+17	9.98e-01	2.17e-03	1.05e-11
 3.48887e+17	9.98e-01	1.93e-03	1.17e-11
 3.49236e+17	9.98e-01	1.77e-03	1.27e-11
 3.49480e+17	9.98e-01	1.65e-03	1.36e-11
 3.49685e+17	9.98e-01	1.56e-03	1.45e-11
 3.49886e+17	9.99e-01	1.46e-03	1.55e-11
 3.50080e+17	9.99e-01	1.38e-03	1.66e-11
 3.50251e+17	9.99e-01	1.31e-03	1.78e-11
 3.50398e+17	9.99e-01	1.26e-03	1.89e-11
 3.50537e+17	9.99e-01	1.21e-03	2.03e-11
 3.50670e+17	9.99e-01	1.17e-03	2.16e-11
 3.50774e+17	9.99e-01	1.14e-03	2.27e-11
 3.50849e+17	9.99e-01	1.12e-03	2.37e-11
 3.50920e+17	9.99e-01	1.10e-03	2.47e-11
 3.51000e+17	9.99e-01	1.08e-03	2.57e-11
 3.51081e+17	9.99e-01	1.06e-03	2.70e-11
 3.51161e+17	9.99e-01	1.04e-03	2.84e-11
 3.51238e+17	9.99e-01	1.02e-03	2.98e-11
 3.51315e+17	9.99e-01	1.01e-03	3.12e-11
 3.51391e+17	9.99e-01	9.93e-04	3.29e-11
 3.51466e+17	9.99e-01	9.80e-04	3.46e-11
 3.51541e+17	9.99e-01	9.66e-04	3.64e-11
 3.51614e+17	9.99e-01	9.55e-04	3.83e-11
 3.51686e+17	9.99e-01	9.44e-04	4.03e-11
 3.51758e+17	9.99e-01	9.33e-04	4.25e-11
 3.51829e+17	9.99e-01	9.23e-04	4.48e-11
 3.51900e+17	9.99e-01	9.14e-04	4.71e-11
 3.51969e+17	9.99e-01	9.06e-04	4.97e-11
 3.52038e+17	9.99e-01	8.99e-04	5.25e-11
 3.52107e+17	9.99e-01	8.91e-04	5.53e-11
 3.52175e+17	9.99e-01	8.85e-04	5.84e-11
 3.52241e+17	9.99e-01	8.78e-04	6.14e-11
 3.52305e+17	9.99e-01	8.73e-04	6.46e-11
 3.52369e+17	9.99e-01	8.68e-04	6.79e-11
 3.52432e+17	9.99e-01	8.62e-04	7.14e-11
 3.52494e+17	9.99e-01	8.58e-04	7.50e-11
 3.52553e+17	9.99e-01	8.53e-04	7.85e-11
 3.52610e+17	9.99e-01	8.49e-04	8.23e-11
 3.52666e+17	9.99e-01	8.44e-04	8.57e-11
 3.52720e+17	9.99e-01	8.39e-04	8.93e-11
 3.52773e+17	9.99e-01	8.34e-04	9.28e-11
 3.52824e+17	9.99e-01	8.26e-04	9.59e-11
 3.52871e+17	9.99e-01	8.13e-04	9.81e-11
 3.52911e+17	9.99e-01	7.31e-04	9.11e-11
 3.52945e+17	9.99e-01	8.05e-04	1.03e-10
 3.52974e+17	9.99e-01	8.08e-04	1.06e-10
 3.53000e+17	9.99e-01	8.08e-04	1.08e-10
 3.53023e+17	9.99e-01	8.06e-04	1.09e-10
 3.53043e+17	9.99e-01	8.03e-04	1.10e-10
