#depth	O	O+	O+2	O+3	O+4	O+5	O+6	O+7	O+8	O[1]	O[2]	O[3]
 1.10205e+12	1.38e-07	6.60e-03	8.20e-01	1.73e-01	1.78e-05	4.25e-13	0.00e+00	0.00e+00	0.00e+00	1.20e-07	9.63e-09	8.21e-09
 6.61228e+12	1.38e-07	6.60e-03	8.20e-01	1.73e-01	1.78e-05	0.00e+00	0.00e+00	0.00e+00	0.00e+00	1.20e-07	9.62e-09	8.20e-09
 2.86532e+13	1.38e-07	6.61e-03	8.21e-01	1.73e-01	1.77e-05	0.00e+00	0.00e+00	0.00e+00	0.00e+00	1.20e-07	9.65e-09	8.22e-09
 1.16817e+14	1.39e-07	6.65e-03	8.23e-01	1.71e-01	1.73e-05	0.00e+00	0.00e+00	0.00e+00	0.00e+00	1.21e-07	9.74e-09	8.31e-09
 2.79038e+14	1.42e-07	6.71e-03	8.26e-01	1.67e-01	1.67e-05	0.00e+00	0.00e+00	0.00e+00	0.00e+00	1.23e-07	9.88e-09	8.43e-09
 4.89926e+14	1.45e-07	6.80e-03	8.30e-01	1.63e-01	1.60e-05	0.00e+00	0.00e+00	0.00e+00	0.00e+00	1.26e-07	1.01e-08	8.63e-09
 7.64080e+14	1.50e-07	6.92e-03	8.35e-01	1.58e-01	1.51e-05	0.00e+00	0.00e+00	0.00e+00	0.00e+00	1.30e-07	1.04e-08	8.88e-09
 1.12048e+15	1.55e-07	7.07e-03	8.42e-01	1.51e-01	1.39e-05	0.00e+00	0.00e+00	0.00e+00	0.00e+00	1.35e-07	1.08e-08	9.21e-09
 1.58380e+15	1.63e-07	7.26e-03	8.50e-01	1.42e-01	1.26e-05	0.00e+00	0.00e+00	0.00e+00	0.00e+00	1.42e-07	1.12e-08	9.65e-09
 2.18612e+15	1.74e-07	7.51e-03	8.61e-01	1.32e-01	1.10e-05	0.00e+00	0.00e+00	0.00e+00	0.00e+00	1.51e-07	1.19e-08	1.02e-08
 2.96913e+15	1.88e-07	7.84e-03	8.73e-01	1.19e-01	9.27e-06	0.00e+00	0.00e+00	0.00e+00	0.00e+00	1.64e-07	1.28e-08	1.10e-08
 3.98704e+15	2.07e-07	8.26e-03	8.88e-01	1.03e-01	7.34e-06	0.00e+00	0.00e+00	0.00e+00	0.00e+00	1.81e-07	1.39e-08	1.20e-08
 5.31033e+15	2.33e-07	8.82e-03	9.06e-01	8.54e-02	5.38e-06	0.00e+00	0.00e+00	0.00e+00	0.00e+00	2.04e-07	1.55e-08	1.35e-08
 7.03060e+15	2.71e-07	9.56e-03	9.25e-01	6.58e-02	3.54e-06	0.00e+00	0.00e+00	0.00e+00	0.00e+00	2.37e-07	1.78e-08	1.55e-08
 9.16306e+15	3.23e-07	1.05e-02	9.43e-01	4.69e-02	2.07e-06	0.00e+00	0.00e+00	0.00e+00	0.00e+00	2.84e-07	2.09e-08	1.83e-08
 1.15297e+16	3.88e-07	1.15e-02	9.57e-01	3.16e-02	1.12e-06	0.00e+00	0.00e+00	0.00e+00	0.00e+00	3.42e-07	2.47e-08	2.17e-08
 1.39910e+16	4.65e-07	1.26e-02	9.67e-01	2.06e-02	5.81e-07	0.00e+00	0.00e+00	0.00e+00	0.00e+00	4.10e-07	2.91e-08	2.57e-08
 1.65508e+16	5.58e-07	1.38e-02	9.73e-01	1.31e-02	0.00e+00	0.00e+00	0.00e+00	0.00e+00	0.00e+00	4.93e-07	3.44e-08	3.05e-08
 1.92130e+16	6.68e-07	1.51e-02	9.77e-01	8.17e-03	0.00e+00	0.00e+00	0.00e+00	0.00e+00	0.00e+00	5.91e-07	4.06e-08	3.61e-08
 2.19817e+16	7.99e-07	1.64e-02	9.79e-01	5.00e-03	0.00e+00	0.00e+00	0.00e+00	0.00e+00	0.00e+00	7.08e-07	4.79e-08	4.28e-08
 2.45628e+16	9.37e-07	1.77e-02	9.79e-01	3.19e-03	0.00e+00	0.00e+00	0.00e+00	0.00e+00	0.00e+00	8.32e-07	5.55e-08	4.97e-08
 2.70191e+16	1.09e-06	1.90e-02	9.79e-01	2.08e-03	0.00e+00	0.00e+00	0.00e+00	0.00e+00	0.00e+00	9.64e-07	6.37e-08	5.72e-08
 2.97210e+16	1.27e-06	2.04e-02	9.78e-01	1.31e-03	0.00e+00	0.00e+00	0.00e+00	0.00e+00	0.00e+00	1.13e-06	7.37e-08	6.63e-08
 3.26931e+16	1.50e-06	2.20e-02	9.77e-01	7.99e-04	0.00e+00	0.00e+00	0.00e+00	0.00e+00	0.00e+00	1.34e-06	8.62e-08	7.77e-08
 3.59350e+16	1.78e-06	2.39e-02	9.76e-01	4.71e-04	0.00e+00	0.00e+00	0.00e+00	0.00e+00	0.00e+00	1.59e-06	1.02e-07	9.17e-08
 3.93725e+16	2.13e-06	2.59e-02	9.74e-01	2.74e-04	0.00e+00	0.00e+00	0.00e+00	0.00e+00	0.00e+00	1.90e-06	1.20e-07	1.09e-07
 4.29475e+16	2.55e-06	2.81e-02	9.72e-01	1.59e-04	0.00e+00	0.00e+00	0.00e+00	0.00e+00	0.00e+00	2.27e-06	1.42e-07	1.29e-07
 4.66656e+16	3.04e-06	3.05e-02	9.69e-01	9.18e-05	0.00e+00	0.00e+00	0.00e+00	0.00e+00	0.00e+00	2.72e-06	1.69e-07	1.53e-07
 5.05323e+16	3.64e-06	3.30e-02	9.67e-01	5.31e-05	0.00e+00	0.00e+00	0.00e+00	0.00e+00	0.00e+00	3.26e-06	2.00e-07	1.83e-07
 5.45538e+16	4.36e-06	3.58e-02	9.64e-01	3.08e-05	0.00e+00	0.00e+00	0.00e+00	0.00e+00	0.00e+00	3.90e-06	2.38e-07	2.17e-07
 5.87360e+16	5.22e-06	3.89e-02	9.61e-01	1.79e-05	0.00e+00	0.00e+00	0.00e+00	0.00e+00	0.00e+00	4.68e-06	2.83e-07	2.59e-07
 6.30856e+16	6.26e-06	4.22e-02	9.58e-01	1.05e-05	0.00e+00	0.00e+00	0.00e+00	0.00e+00	0.00e+00	5.61e-06	3.37e-07	3.09e-07
 6.76092e+16	7.51e-06	4.58e-02	9.54e-01	6.23e-06	0.00e+00	0.00e+00	0.00e+00	0.00e+00	0.00e+00	6.74e-06	4.03e-07	3.69e-07
 7.23137e+16	9.01e-06	4.98e-02	9.50e-01	3.73e-06	0.00e+00	0.00e+00	0.00e+00	0.00e+00	0.00e+00	8.09e-06	4.81e-07	4.41e-07
 7.72064e+16	1.08e-05	5.41e-02	9.46e-01	2.28e-06	0.00e+00	0.00e+00	0.00e+00	0.00e+00	0.00e+00	9.72e-06	5.74e-07	5.27e-07
 8.22948e+16	1.30e-05	5.88e-02	9.41e-01	1.42e-06	0.00e+00	0.00e+00	0.00e+00	0.00e+00	0.00e+00	1.17e-05	6.87e-07	6.31e-07
 8.75867e+16	1.57e-05	6.39e-02	9.36e-01	9.10e-07	0.00e+00	0.00e+00	0.00e+00	0.00e+00	0.00e+00	1.41e-05	8.22e-07	7.56e-07
 9.30903e+16	1.88e-05	6.96e-02	9.30e-01	0.00e+00	0.00e+00	0.00e+00	0.00e+00	0.00e+00	0.00e+00	1.69e-05	9.85e-07	9.07e-07
 9.88141e+16	2.27e-05	7.57e-02	9.24e-01	0.00e+00	0.00e+00	0.00e+00	0.00e+00	0.00e+00	0.00e+00	2.04e-05	1.18e-06	1.09e-06
 1.04767e+17	2.74e-05	8.25e-02	9.17e-01	0.00e+00	0.00e+00	0.00e+00	0.00e+00	0.00e+00	0.00e+00	2.47e-05	1.42e-06	1.31e-06
 1.10958e+17	3.31e-05	8.99e-02	9.10e-01	0.00e+00	0.00e+00	0.00e+00	0.00e+00	0.00e+00	0.00e+00	2.98e-05	1.71e-06	1.58e-06
 1.17159e+17	3.97e-05	9.78e-02	9.02e-01	0.00e+00	0.00e+00	0.00e+00	0.00e+00	0.00e+00	0.00e+00	3.58e-05	2.05e-06	1.89e-06
 1.23238e+17	4.72e-05	1.06e-01	8.94e-01	0.00e+00	0.00e+00	0.00e+00	0.00e+00	0.00e+00	0.00e+00	4.26e-05	2.43e-06	2.24e-06
 1.29796e+17	5.68e-05	1.15e-01	8.85e-01	0.00e+00	0.00e+00	0.00e+00	0.00e+00	0.00e+00	0.00e+00	5.12e-05	2.91e-06	2.69e-06
 1.36770e+17	6.86e-05	1.26e-01	8.74e-01	0.00e+00	0.00e+00	0.00e+00	0.00e+00	0.00e+00	0.00e+00	6.19e-05	3.50e-06	3.23e-06
 1.43509e+17	8.20e-05	1.36e-01	8.64e-01	0.00e+00	0.00e+00	0.00e+00	0.00e+00	0.00e+00	0.00e+00	7.40e-05	4.17e-06	3.85e-06
 1.50023e+17	9.69e-05	1.47e-01	8.53e-01	0.00e+00	0.00e+00	0.00e+00	0.00e+00	0.00e+00	0.00e+00	8.74e-05	4.92e-06	4.55e-06
 1.57310e+17	1.17e-04	1.60e-01	8.40e-01	0.00e+00	0.00e+00	0.00e+00	0.00e+00	0.00e+00	0.00e+00	1.05e-04	5.92e-06	5.46e-06
 1.65101e+17	1.41e-04	1.75e-01	8.25e-01	0.00e+00	0.00e+00	0.00e+00	0.00e+00	0.00e+00	0.00e+00	1.28e-04	7.15e-06	6.60e-06
 1.72110e+17	1.67e-04	1.89e-01	8.11e-01	0.00e+00	0.00e+00	0.00e+00	0.00e+00	0.00e+00	0.00e+00	1.51e-04	8.44e-06	7.80e-06
 1.79660e+17	2.01e-04	2.05e-01	7.95e-01	0.00e+00	0.00e+00	0.00e+00	0.00e+00	0.00e+00	0.00e+00	1.82e-04	1.01e-05	9.36e-06
 1.87798e+17	2.43e-04	2.24e-01	7.76e-01	0.00e+00	0.00e+00	0.00e+00	0.00e+00	0.00e+00	0.00e+00	2.20e-04	1.22e-05	1.13e-05
 1.95000e+17	2.88e-04	2.42e-01	7.58e-01	0.00e+00	0.00e+00	0.00e+00	0.00e+00	0.00e+00	0.00e+00	2.60e-04	1.45e-05	1.34e-05
 2.01612e+17	3.36e-04	2.59e-01	7.41e-01	0.00e+00	0.00e+00	0.00e+00	0.00e+00	0.00e+00	0.00e+00	3.04e-04	1.69e-05	1.56e-05
 2.09158e+17	4.02e-04	2.81e-01	7.19e-01	0.00e+00	0.00e+00	0.00e+00	0.00e+00	0.00e+00	0.00e+00	3.63e-04	2.02e-05	1.87e-05
 2.17257e+17	4.86e-04	3.05e-01	6.94e-01	0.00e+00	0.00e+00	0.00e+00	0.00e+00	0.00e+00	0.00e+00	4.39e-04	2.44e-05	2.26e-05
 2.24317e+17	5.74e-04	3.28e-01	6.71e-01	0.00e+00	0.00e+00	0.00e+00	0.00e+00	0.00e+00	0.00e+00	5.18e-04	2.88e-05	2.66e-05
 2.30650e+17	6.68e-04	3.51e-01	6.48e-01	0.00e+00	0.00e+00	0.00e+00	0.00e+00	0.00e+00	0.00e+00	6.03e-04	3.35e-05	3.10e-05
 2.37794e+17	7.96e-04	3.78e-01	6.21e-01	0.00e+00	0.00e+00	0.00e+00	0.00e+00	0.00e+00	0.00e+00	7.19e-04	4.00e-05	3.71e-05
 2.45404e+17	9.61e-04	4.10e-01	5.89e-01	0.00e+00	0.00e+00	0.00e+00	0.00e+00	0.00e+00	0.00e+00	8.68e-04	4.83e-05	4.48e-05
 2.51901e+17	1.13e-03	4.39e-01	5.60e-01	0.00e+00	0.00e+00	0.00e+00	0.00e+00	0.00e+00	0.00e+00	1.02e-03	5.69e-05	5.29e-05
 2.57570e+17	1.32e-03	4.66e-01	5.32e-01	0.00e+00	0.00e+00	0.00e+00	0.00e+00	0.00e+00	0.00e+00	1.19e-03	6.61e-05	6.14e-05
 2.63881e+17	1.56e-03	4.99e-01	4.99e-01	0.00e+00	0.00e+00	0.00e+00	0.00e+00	0.00e+00	0.00e+00	1.41e-03	7.85e-05	7.31e-05
 2.70600e+17	1.88e-03	5.37e-01	4.62e-01	0.00e+00	0.00e+00	0.00e+00	0.00e+00	0.00e+00	0.00e+00	1.70e-03	9.47e-05	8.82e-05
 2.76272e+17	2.21e-03	5.71e-01	4.27e-01	0.00e+00	0.00e+00	0.00e+00	0.00e+00	0.00e+00	0.00e+00	2.00e-03	1.12e-04	1.04e-04
 2.81099e+17	2.55e-03	6.02e-01	3.96e-01	0.00e+00	0.00e+00	0.00e+00	0.00e+00	0.00e+00	0.00e+00	2.30e-03	1.29e-04	1.20e-04
 2.86400e+17	3.02e-03	6.38e-01	3.59e-01	0.00e+00	0.00e+00	0.00e+00	0.00e+00	0.00e+00	0.00e+00	2.72e-03	1.53e-04	1.42e-04
 2.92033e+17	3.62e-03	6.78e-01	3.19e-01	0.00e+00	0.00e+00	0.00e+00	0.00e+00	0.00e+00	0.00e+00	3.27e-03	1.83e-04	1.70e-04
 2.96755e+17	4.25e-03	7.13e-01	2.83e-01	0.00e+00	0.00e+00	0.00e+00	0.00e+00	0.00e+00	0.00e+00	3.84e-03	2.15e-04	2.00e-04
 3.00716e+17	4.90e-03	7.43e-01	2.52e-01	0.00e+00	0.00e+00	0.00e+00	0.00e+00	0.00e+00	0.00e+00	4.42e-03	2.48e-04	2.31e-04
 3.05031e+17	5.74e-03	7.77e-01	2.17e-01	0.00e+00	0.00e+00	0.00e+00	0.00e+00	0.00e+00	0.00e+00	5.18e-03	2.91e-04	2.70e-04
 3.09663e+17	6.87e-03	8.13e-01	1.80e-01	0.00e+00	0.00e+00	0.00e+00	0.00e+00	0.00e+00	0.00e+00	6.20e-03	3.49e-04	3.23e-04
 3.13572e+17	8.08e-03	8.44e-01	1.48e-01	0.00e+00	0.00e+00	0.00e+00	0.00e+00	0.00e+00	0.00e+00	7.29e-03	4.11e-04	3.81e-04
 3.16384e+17	9.17e-03	8.65e-01	1.25e-01	0.00e+00	0.00e+00	0.00e+00	0.00e+00	0.00e+00	0.00e+00	8.27e-03	4.66e-04	4.32e-04
 3.18399e+17	1.00e-02	8.80e-01	1.10e-01	0.00e+00	0.00e+00	0.00e+00	0.00e+00	0.00e+00	0.00e+00	9.05e-03	5.10e-04	4.73e-04
 3.20510e+17	1.11e-02	8.95e-01	9.35e-02	0.00e+00	0.00e+00	0.00e+00	0.00e+00	0.00e+00	0.00e+00	1.00e-02	5.65e-04	5.23e-04
 3.22874e+17	1.25e-02	9.11e-01	7.65e-02	0.00e+00	0.00e+00	0.00e+00	0.00e+00	0.00e+00	0.00e+00	1.13e-02	6.34e-04	5.87e-04
 3.25145e+17	1.41e-02	9.25e-01	6.08e-02	0.00e+00	0.00e+00	0.00e+00	0.00e+00	0.00e+00	0.00e+00	1.27e-02	7.15e-04	6.62e-04
 3.27173e+17	1.58e-02	9.36e-01	4.77e-02	0.00e+00	0.00e+00	0.00e+00	0.00e+00	0.00e+00	0.00e+00	1.42e-02	8.02e-04	7.43e-04
 3.28869e+17	1.72e-02	9.45e-01	3.78e-02	0.00e+00	0.00e+00	0.00e+00	0.00e+00	0.00e+00	0.00e+00	1.56e-02	8.77e-04	8.12e-04
 3.30213e+17	1.86e-02	9.51e-01	3.04e-02	0.00e+00	0.00e+00	0.00e+00	0.00e+00	0.00e+00	0.00e+00	1.68e-02	9.48e-04	8.77e-04
 3.31278e+17	1.98e-02	9.55e-01	2.51e-02	0.00e+00	0.00e+00	0.00e+00	0.00e+00	0.00e+00	0.00e+00	1.79e-02	1.01e-03	9.33e-04
 3.32401e+17	2.13e-02	9.59e-01	2.00e-02	0.00e+00	0.00e+00	0.00e+00	0.00e+00	0.00e+00	0.00e+00	1.92e-02	1.08e-03	1.00e-03
 3.33608e+17	2.30e-02	9.62e-01	1.51e-02	0.00e+00	0.00e+00	0.00e+00	0.00e+00	0.00e+00	0.00e+00	2.07e-02	1.17e-03	1.08e-03
 3.34632e+17	2.45e-02	9.64e-01	1.16e-02	0.00e+00	0.00e+00	0.00e+00	0.00e+00	0.00e+00	0.00e+00	2.21e-02	1.24e-03	1.15e-03
 3.35506e+17	2.60e-02	9.65e-01	8.99e-03	0.00e+00	0.00e+00	0.00e+00	0.00e+00	0.00e+00	0.00e+00	2.34e-02	1.32e-03	1.22e-03
 3.36474e+17	2.78e-02	9.66e-01	6.61e-03	0.00e+00	0.00e+00	0.00e+00	0.00e+00	0.00e+00	0.00e+00	2.51e-02	1.41e-03	1.31e-03
 3.37732e+17	3.04e-02	9.65e-01	4.29e-03	0.00e+00	0.00e+00	0.00e+00	0.00e+00	0.00e+00	0.00e+00	2.74e-02	1.54e-03	1.43e-03
 3.39085e+17	3.36e-02	9.64e-01	2.57e-03	0.00e+00	0.00e+00	0.00e+00	0.00e+00	0.00e+00	0.00e+00	3.03e-02	1.70e-03	1.58e-03
 3.40561e+17	3.79e-02	9.61e-01	1.42e-03	0.00e+00	0.00e+00	0.00e+00	0.00e+00	0.00e+00	0.00e+00	3.43e-02	1.92e-03	1.78e-03
 3.42478e+17	4.49e-02	9.54e-01	6.42e-04	0.00e+00	0.00e+00	0.00e+00	0.00e+00	0.00e+00	0.00e+00	4.05e-02	2.26e-03	2.09e-03
 3.44644e+17	5.57e-02	9.44e-01	2.53e-04	0.00e+00	0.00e+00	0.00e+00	0.00e+00	0.00e+00	0.00e+00	5.03e-02	2.79e-03	2.59e-03
 3.46624e+17	7.02e-02	9.30e-01	1.06e-04	0.00e+00	0.00e+00	0.00e+00	0.00e+00	0.00e+00	0.00e+00	6.35e-02	3.49e-03	3.24e-03
 3.48038e+17	8.55e-02	9.14e-01	5.59e-05	0.00e+00	0.00e+00	0.00e+00	0.00e+00	0.00e+00	0.00e+00	7.73e-02	4.22e-03	3.92e-03
 3.48907e+17	9.75e-02	9.02e-01	3.75e-05	0.00e+00	0.00e+00	0.00e+00	0.00e+00	0.00e+00	0.00e+00	8.83e-02	4.78e-03	4.45e-03
 3.49721e+17	1.12e-01	8.88e-01	2.51e-05	0.00e+00	0.00e+00	0.00e+00	0.00e+00	0.00e+00	0.00e+00	1.01e-01	5.43e-03	5.06e-03
 3.50780e+17	1.35e-01	8.65e-01	1.46e-05	0.00e+00	0.00e+00	0.00e+00	0.00e+00	0.00e+00	0.00e+00	1.23e-01	6.47e-03	6.04e-03
 3.51799e+17	1.66e-01	8.34e-01	8.47e-06	0.00e+00	0.00e+00	0.00e+00	0.00e+00	0.00e+00	0.00e+00	1.51e-01	7.78e-03	7.30e-03
 3.52489e+17	1.94e-01	8.06e-01	5.72e-06	0.00e+00	0.00e+00	0.00e+00	0.00e+00	0.00e+00	0.00e+00	1.77e-01	8.93e-03	8.41e-03
 3.52985e+17	2.19e-01	7.81e-01	4.22e-06	0.00e+00	0.00e+00	0.00e+00	0.00e+00	0.00e+00	0.00e+00	2.00e-01	9.88e-03	9.34e-03
 3.53509e+17	2.51e-01	7.49e-01	2.98e-06	0.00e+00	0.00e+00	0.00e+00	0.00e+00	0.00e+00	0.00e+00	2.30e-01	1.10e-02	1.05e-02
 3.54096e+17	2.94e-01	7.06e-01	1.99e-06	0.00e+00	0.00e+00	0.00e+00	0.00e+00	0.00e+00	0.00e+00	2.70e-01	1.24e-02	1.19e-02
 3.54616e+17	3.41e-01	6.59e-01	1.36e-06	0.00e+00	0.00e+00	0.00e+00	0.00e+00	0.00e+00	0.00e+00	3.13e-01	1.38e-02	1.33e-02
 3.54996e+17	3.80e-01	6.20e-01	1.01e-06	0.00e+00	0.00e+00	0.00e+00	0.00e+00	0.00e+00	0.00e+00	3.51e-01	1.48e-02	1.44e-02
 3.55260e+17	4.11e-01	5.89e-01	8.14e-07	0.00e+00	0.00e+00	0.00e+00	0.00e+00	0.00e+00	0.00e+00	3.80e-01	1.55e-02	1.51e-02
 3.55474e+17	4.37e-01	5.63e-01	0.00e+00	0.00e+00	0.00e+00	0.00e+00	0.00e+00	0.00e+00	0.00e+00	4.05e-01	1.60e-02	1.57e-02
 3.55677e+17	4.64e-01	5.36e-01	0.00e+00	0.00e+00	0.00e+00	0.00e+00	0.00e+00	0.00e+00	0.00e+00	4.31e-01	1.65e-02	1.62e-02
 3.55874e+17	4.91e-01	5.09e-01	0.00e+00	0.00e+00	0.00e+00	0.00e+00	0.00e+00	0.00e+00	0.00e+00	4.57e-01	1.68e-02	1.66e-02
 3.56052e+17	5.16e-01	4.84e-01	0.00e+00	0.00e+00	0.00e+00	0.00e+00	0.00e+00	0.00e+00	0.00e+00	4.81e-01	1.71e-02	1.70e-02
 3.56208e+17	5.37e-01	4.63e-01	0.00e+00	0.00e+00	0.00e+00	0.00e+00	0.00e+00	0.00e+00	0.00e+00	5.03e-01	1.73e-02	1.72e-02
 3.56346e+17	5.58e-01	4.42e-01	0.00e+00	0.00e+00	0.00e+00	0.00e+00	0.00e+00	0.00e+00	0.00e+00	5.23e-01	1.74e-02	1.74e-02
 3.56477e+17	5.77e-01	4.23e-01	0.00e+00	0.00e+00	0.00e+00	0.00e+00	0.00e+00	0.00e+00	0.00e+00	5.42e-01	1.75e-02	1.76e-02
 3.56605e+17	5.97e-01	4.03e-01	0.00e+00	0.00e+00	0.00e+00	0.00e+00	0.00e+00	0.00e+00	0.00e+00	5.61e-01	1.76e-02	1.77e-02
 3.56707e+17	6.11e-01	3.89e-01	0.00e+00	0.00e+00	0.00e+00	0.00e+00	0.00e+00	0.00e+00	0.00e+00	5.76e-01	1.76e-02	1.77e-02
 3.56781e+17	6.22e-01	3.78e-01	0.00e+00	0.00e+00	0.00e+00	0.00e+00	0.00e+00	0.00e+00	0.00e+00	5.87e-01	1.76e-02	1.78e-02
 3.56852e+17	6.33e-01	3.67e-01	0.00e+00	0.00e+00	0.00e+00	0.00e+00	0.00e+00	0.00e+00	0.00e+00	5.98e-01	1.75e-02	1.78e-02
 3.56931e+17	6.45e-01	3.55e-01	0.00e+00	0.00e+00	0.00e+00	0.00e+00	0.00e+00	0.00e+00	0.00e+00	6.10e-01	1.75e-02	1.77e-02
 3.57013e+17	6.58e-01	3.42e-01	0.00e+00	0.00e+00	0.00e+00	0.00e+00	0.00e+00	0.00e+00	0.00e+00	6.23e-01	1.74e-02	1.77e-02
 3.57092e+17	6.70e-01	3.30e-01	0.00e+00	0.00e+00	0.00e+00	0.00e+00	0.00e+00	0.00e+00	0.00e+00	6.35e-01	1.73e-02	1.76e-02
 3.57167e+17	6.81e-01	3.19e-01	0.00e+00	0.00e+00	0.00e+00	0.00e+00	0.00e+00	0.00e+00	0.00e+00	6.46e-01	1.72e-02	1.75e-02
 3.57243e+17	6.92e-01	3.08e-01	0.00e+00	0.00e+00	0.00e+00	0.00e+00	0.00e+00	0.00e+00	0.00e+00	6.57e-01	1.70e-02	1.73e-02
 3.57318e+17	7.03e-01	2.97e-01	0.00e+00	0.00e+00	0.00e+00	0.00e+00	0.00e+00	0.00e+00	0.00e+00	6.69e-01	1.69e-02	1.72e-02
 3.57394e+17	7.14e-01	2.86e-01	0.00e+00	0.00e+00	0.00e+00	0.00e+00	0.00e+00	0.00e+00	0.00e+00	6.80e-01	1.67e-02	1.70e-02
 3.57468e+17	7.25e-01	2.75e-01	0.00e+00	0.00e+00	0.00e+00	0.00e+00	0.00e+00	0.00e+00	0.00e+00	6.91e-01	1.66e-02	1.68e-02
 3.57540e+17	7.35e-01	2.65e-01	0.00e+00	0.00e+00	0.00e+00	0.00e+00	0.00e+00	0.00e+00	0.00e+00	7.02e-01	1.64e-02	1.66e-02
 3.57611e+17	7.45e-01	2.55e-01	0.00e+00	0.00e+00	0.00e+00	0.00e+00	0.00e+00	0.00e+00	0.00e+00	7.12e-01	1.62e-02	1.64e-02
 3.57683e+17	7.54e-01	2.46e-01	0.00e+00	0.00e+00	0.00e+00	0.00e+00	0.00e+00	0.00e+00	0.00e+00	7.22e-01	1.60e-02	1.62e-02
 3.57754e+17	7.64e-01	2.36e-01	0.00e+00	0.00e+00	0.00e+00	0.00e+00	0.00e+00	0.00e+00	0.00e+00	7.32e-01	1.58e-02	1.60e-02
 3.57825e+17	7.74e-01	2.26e-01	0.00e+00	0.00e+00	0.00e+00	0.00e+00	0.00e+00	0.00e+00	0.00e+00	7.42e-01	1.55e-02	1.57e-02
 3.57894e+17	7.82e-01	2.18e-01	0.00e+00	0.00e+00	0.00e+00	0.00e+00	0.00e+00	0.00e+00	0.00e+00	7.52e-01	1.53e-02	1.55e-02
 3.57961e+17	7.91e-01	2.09e-01	0.00e+00	0.00e+00	0.00e+00	0.00e+00	0.00e+00	0.00e+00	0.00e+00	7.60e-01	1.51e-02	1.52e-02
 3.58029e+17	8.00e-01	2.00e-01	0.00e+00	0.00e+00	0.00e+00	0.00e+00	0.00e+00	0.00e+00	0.00e+00	7.70e-01	1.49e-02	1.50e-02
 3.58097e+17	8.08e-01	1.92e-01	0.00e+00	0.00e+00	0.00e+00	0.00e+00	0.00e+00	0.00e+00	0.00e+00	7.78e-01	1.46e-02	1.47e-02
 3.58162e+17	8.16e-01	1.84e-01	0.00e+00	0.00e+00	0.00e+00	0.00e+00	0.00e+00	0.00e+00	0.00e+00	7.87e-01	1.44e-02	1.44e-02
 3.58227e+17	8.23e-01	1.77e-01	0.00e+00	0.00e+00	0.00e+00	0.00e+00	0.00e+00	0.00e+00	0.00e+00	7.95e-01	1.41e-02	1.41e-02
 3.58291e+17	8.31e-01	1.69e-01	0.00e+00	0.00e+00	0.00e+00	0.00e+00	0.00e+00	0.00e+00	0.00e+00	8.03e-01	1.39e-02	1.38e-02
 3.58354e+17	8.38e-01	1.62e-01	0.00e+00	0.00e+00	0.00e+00	0.00e+00	0.00e+00	0.00e+00	0.00e+00	8.11e-01	1.36e-02	1.35e-02
 3.58413e+17	8.45e-01	1.55e-01	0.00e+00	0.00e+00	0.00e+00	0.00e+00	0.00e+00	0.00e+00	0.00e+00	8.18e-01	1.34e-02	1.33e-02
 3.58471e+17	8.51e-01	1.49e-01	0.00e+00	0.00e+00	0.00e+00	0.00e+00	0.00e+00	0.00e+00	0.00e+00	8.25e-01	1.31e-02	1.30e-02
 3.58528e+17	8.57e-01	1.43e-01	0.00e+00	0.00e+00	0.00e+00	0.00e+00	0.00e+00	0.00e+00	0.00e+00	8.32e-01	1.29e-02	1.27e-02
 3.58584e+17	8.63e-01	1.37e-01	0.00e+00	0.00e+00	0.00e+00	0.00e+00	0.00e+00	0.00e+00	0.00e+00	8.38e-01	1.26e-02	1.24e-02
 3.58638e+17	8.69e-01	1.31e-01	0.00e+00	0.00e+00	0.00e+00	0.00e+00	0.00e+00	0.00e+00	0.00e+00	8.45e-01	1.24e-02	1.21e-02
 3.58690e+17	8.75e-01	1.25e-01	0.00e+00	0.00e+00	0.00e+00	0.00e+00	0.00e+00	0.00e+00	0.00e+00	8.51e-01	1.21e-02	1.18e-02
 3.58739e+17	8.80e-01	1.20e-01	0.00e+00	0.00e+00	0.00e+00	0.00e+00	0.00e+00	0.00e+00	0.00e+00	8.57e-01	1.19e-02	1.15e-02
 3.58785e+17	8.85e-01	1.15e-01	0.00e+00	0.00e+00	0.00e+00	0.00e+00	0.00e+00	0.00e+00	0.00e+00	8.62e-01	1.16e-02	1.12e-02
 3.58824e+17	8.89e-01	1.11e-01	0.00e+00	0.00e+00	0.00e+00	0.00e+00	0.00e+00	0.00e+00	0.00e+00	8.67e-01	1.14e-02	1.10e-02
 3.58857e+17	8.93e-01	1.07e-01	0.00e+00	0.00e+00	0.00e+00	0.00e+00	0.00e+00	0.00e+00	0.00e+00	8.71e-01	1.12e-02	1.07e-02
 3.58887e+17	8.97e-01	1.03e-01	0.00e+00	0.00e+00	0.00e+00	0.00e+00	0.00e+00	0.00e+00	0.00e+00	8.75e-01	1.10e-02	1.05e-02
 3.58912e+17	9.00e-01	1.00e-01	0.00e+00	0.00e+00	0.00e+00	0.00e+00	0.00e+00	0.00e+00	0.00e+00	8.79e-01	1.08e-02	1.03e-02
 3.58935e+17	9.02e-01	9.76e-02	0.00e+00	0.00e+00	0.00e+00	0.00e+00	0.00e+00	0.00e+00	0.00e+00	8.82e-01	1.07e-02	1.01e-02
 3.58955e+17	9.05e-01	9.50e-02	0.00e+00	0.00e+00	0.00e+00	0.00e+00	0.00e+00	0.00e+00	0.00e+00	8.84e-01	1.05e-02	9.96e-03
