#depth	He	He+	He+2
 8.20148e+10	1.70e-03	9.53e-01	4.52e-02
 4.92089e+11	1.70e-03	9.53e-01	4.52e-02
 2.13239e+12	1.70e-03	9.53e-01	4.52e-02
 8.69357e+12	1.70e-03	9.53e-01	4.50e-02
 2.07662e+13	1.70e-03	9.53e-01	4.51e-02
 3.64605e+13	1.70e-03	9.53e-01	4.51e-02
 5.68632e+13	1.70e-03	9.53e-01	4.50e-02
 8.33866e+13	1.71e-03	9.54e-01	4.45e-02
 1.17867e+14	1.71e-03	9.55e-01	4.36e-02
 1.62692e+14	1.71e-03	9.56e-01	4.22e-02
 2.20964e+14	1.72e-03	9.58e-01	4.02e-02
 2.96718e+14	1.73e-03	9.61e-01	3.73e-02
 3.95197e+14	1.74e-03	9.65e-01	3.34e-02
 5.23221e+14	1.76e-03	9.70e-01	2.84e-02
 6.89652e+14	1.78e-03	9.76e-01	2.27e-02
 9.06012e+14	1.81e-03	9.82e-01	1.66e-02
 1.18728e+15	1.84e-03	9.87e-01	1.08e-02
 1.55293e+15	1.88e-03	9.92e-01	6.13e-03
 2.02827e+15	1.92e-03	9.95e-01	2.92e-03
 2.64622e+15	1.97e-03	9.97e-01	1.13e-03
 3.14527e+15	2.01e-03	9.97e-01	5.21e-04
 3.45979e+15	2.03e-03	9.98e-01	3.29e-04
 3.80577e+15	2.06e-03	9.98e-01	2.01e-04
 4.18635e+15	2.10e-03	9.98e-01	1.19e-04
 4.60498e+15	2.13e-03	9.98e-01	6.84e-05
 5.06548e+15	2.18e-03	9.98e-01	3.81e-05
 5.57203e+15	2.22e-03	9.98e-01	2.06e-05
 6.12923e+15	2.28e-03	9.98e-01	1.09e-05
 6.74216e+15	2.34e-03	9.98e-01	5.64e-06
 7.41637e+15	2.41e-03	9.98e-01	2.86e-06
 8.15801e+15	2.49e-03	9.98e-01	1.42e-06
 8.97381e+15	2.59e-03	9.97e-01	6.93e-07
 9.87119e+15	2.70e-03	9.97e-01	3.31e-07
 1.08583e+16	2.83e-03	9.97e-01	1.56e-07
 1.19441e+16	2.98e-03	9.97e-01	7.17e-08
 1.31386e+16	3.16e-03	9.97e-01	3.24e-08
 1.44524e+16	3.38e-03	9.97e-01	1.43e-08
 1.58977e+16	3.64e-03	9.96e-01	6.22e-09
 1.74874e+16	3.97e-03	9.96e-01	2.65e-09
 1.91337e+16	4.36e-03	9.96e-01	1.18e-09
 2.06957e+16	4.78e-03	9.95e-01	5.83e-10
 2.21483e+16	5.24e-03	9.95e-01	3.21e-10
 2.35369e+16	5.75e-03	9.94e-01	1.93e-10
 2.48868e+16	6.34e-03	9.94e-01	1.25e-10
 2.61880e+16	7.00e-03	9.93e-01	8.87e-11
 2.74248e+16	7.74e-03	9.92e-01	6.83e-11
 2.85954e+16	8.59e-03	9.91e-01	5.64e-11
 2.97063e+16	9.57e-03	9.90e-01	4.91e-11
 3.07616e+16	1.07e-02	9.89e-01	4.46e-11
 3.17617e+16	1.20e-02	9.88e-01	4.17e-11
 3.27074e+16	1.34e-02	9.87e-01	3.98e-11
 3.36005e+16	1.52e-02	9.85e-01	3.86e-11
 3.44438e+16	1.72e-02	9.83e-01	3.78e-11
 3.52406e+16	1.97e-02	9.80e-01	3.73e-11
 3.59985e+16	2.27e-02	9.77e-01	3.70e-11
 3.67127e+16	2.63e-02	9.74e-01	3.69e-11
 3.73788e+16	3.07e-02	9.69e-01	3.69e-11
 3.80081e+16	3.64e-02	9.64e-01	3.69e-11
 3.86063e+16	4.38e-02	9.56e-01	3.70e-11
 3.91771e+16	5.36e-02	9.46e-01	3.73e-11
 3.96432e+16	6.49e-02	9.35e-01	3.76e-11
 3.99626e+16	7.58e-02	9.24e-01	3.78e-11
 4.02132e+16	8.68e-02	9.13e-01	3.80e-11
 4.04848e+16	1.02e-01	8.98e-01	3.82e-11
 4.07717e+16	1.23e-01	8.77e-01	3.85e-11
 4.10001e+16	1.47e-01	8.53e-01	3.87e-11
 4.11693e+16	1.70e-01	8.30e-01	3.88e-11
 4.13138e+16	1.95e-01	8.05e-01	3.86e-11
 4.14759e+16	2.30e-01	7.70e-01	3.88e-11
 4.16442e+16	2.77e-01	7.23e-01	3.86e-11
 4.17778e+16	3.25e-01	6.75e-01	3.81e-11
 4.18834e+16	3.73e-01	6.27e-01	3.71e-11
 4.19953e+16	4.33e-01	5.67e-01	3.54e-11
 4.21177e+16	5.09e-01	4.91e-01	3.27e-11
 4.22273e+16	5.85e-01	4.15e-01	2.97e-11
 4.23280e+16	6.59e-01	3.41e-01	2.63e-11
 4.24434e+16	7.41e-01	2.59e-01	2.14e-11
 4.25934e+16	8.32e-01	1.68e-01	1.50e-11
 4.27883e+16	9.12e-01	8.80e-02	8.45e-12
 4.30417e+16	9.64e-01	3.59e-02	3.66e-12
 4.33712e+16	9.88e-01	1.18e-02	1.26e-12
 4.37995e+16	9.96e-01	3.56e-03	3.89e-13
 4.42189e+16	9.98e-01	1.58e-03	0.00e+00
 4.45242e+16	9.99e-01	1.08e-03	0.00e+00
 4.47749e+16	9.99e-01	9.79e-04	0.00e+00
 4.49951e+16	9.99e-01	8.88e-04	0.00e+00
 4.51705e+16	9.99e-01	8.32e-04	0.00e+00
 4.53173e+16	9.99e-01	7.79e-04	0.00e+00
 4.54508e+16	9.99e-01	7.39e-04	0.00e+00
 4.55757e+16	9.99e-01	6.97e-04	0.00e+00
 4.56898e+16	9.99e-01	6.57e-04	0.00e+00
 4.57914e+16	9.99e-01	6.08e-04	0.00e+00
 4.58818e+16	9.99e-01	5.56e-04	0.00e+00
 4.59624e+16	9.99e-01	5.03e-04	0.00e+00
 4.60353e+16	1.00e+00	4.49e-04	0.00e+00
 4.61020e+16	1.00e+00	3.95e-04	0.00e+00
 4.61637e+16	1.00e+00	3.41e-04	0.00e+00
 4.62212e+16	1.00e+00	2.92e-04	0.00e+00
 4.62746e+16	1.00e+00	2.48e-04	0.00e+00
 4.63202e+16	1.00e+00	2.09e-04	0.00e+00
 4.63548e+16	1.00e+00	1.83e-04	0.00e+00
 4.63809e+16	1.00e+00	1.66e-04	0.00e+00
 4.64030e+16	1.00e+00	1.53e-04	0.00e+00
 4.64237e+16	1.00e+00	1.40e-04	0.00e+00
 4.64429e+16	1.00e+00	1.28e-04	0.00e+00
 4.64603e+16	1.00e+00	1.18e-04	0.00e+00
 4.64759e+16	1.00e+00	1.10e-04	0.00e+00
 4.64906e+16	1.00e+00	1.03e-04	0.00e+00
 4.65043e+16	1.00e+00	9.57e-05	0.00e+00
 4.65149e+16	1.00e+00	8.98e-05	0.00e+00
 4.65227e+16	1.00e+00	8.77e-05	0.00e+00
 4.65303e+16	1.00e+00	8.50e-05	0.00e+00
 4.65386e+16	1.00e+00	8.13e-05	0.00e+00
 4.65471e+16	1.00e+00	7.75e-05	0.00e+00
 4.65555e+16	1.00e+00	7.44e-05	0.00e+00
 4.65636e+16	1.00e+00	7.12e-05	0.00e+00
 4.65716e+16	1.00e+00	6.83e-05	0.00e+00
 4.65794e+16	1.00e+00	6.56e-05	0.00e+00
 4.65873e+16	1.00e+00	6.30e-05	0.00e+00
 4.65952e+16	1.00e+00	6.02e-05	0.00e+00
 4.66029e+16	1.00e+00	5.78e-05	0.00e+00
 4.66104e+16	1.00e+00	5.56e-05	0.00e+00
 4.66181e+16	1.00e+00	5.33e-05	0.00e+00
 4.66256e+16	1.00e+00	5.11e-05	0.00e+00
 4.66331e+16	1.00e+00	4.92e-05	0.00e+00
 4.66406e+16	1.00e+00	4.71e-05	0.00e+00
 4.66479e+16	1.00e+00	4.52e-05	0.00e+00
 4.66551e+16	1.00e+00	4.35e-05	0.00e+00
 4.66624e+16	1.00e+00	4.18e-05	0.00e+00
 4.66696e+16	1.00e+00	4.01e-05	0.00e+00
 4.66768e+16	1.00e+00	3.85e-05	0.00e+00
 4.66839e+16	1.00e+00	3.70e-05	0.00e+00
 4.66908e+16	1.00e+00	3.56e-05	0.00e+00
 4.66976e+16	1.00e+00	3.43e-05	0.00e+00
 4.67043e+16	1.00e+00	3.30e-05	0.00e+00
 4.67109e+16	1.00e+00	3.18e-05	0.00e+00
 4.67174e+16	1.00e+00	3.07e-05	0.00e+00
 4.67239e+16	1.00e+00	2.96e-05	0.00e+00
 4.67302e+16	1.00e+00	2.85e-05	0.00e+00
 4.67364e+16	1.00e+00	2.75e-05	0.00e+00
 4.67426e+16	1.00e+00	2.67e-05	0.00e+00
 4.67488e+16	1.00e+00	2.57e-05	0.00e+00
 4.67548e+16	1.00e+00	2.49e-05	0.00e+00
 4.67607e+16	1.00e+00	2.41e-05	0.00e+00
 4.67666e+16	1.00e+00	2.33e-05	0.00e+00
 4.67725e+16	1.00e+00	2.26e-05	0.00e+00
 4.67782e+16	1.00e+00	2.19e-05	0.00e+00
 4.67838e+16	1.00e+00	2.12e-05	0.00e+00
 4.67893e+16	1.00e+00	2.05e-05	0.00e+00
 4.67948e+16	1.00e+00	1.97e-05	0.00e+00
 4.68003e+16	1.00e+00	1.87e-05	0.00e+00
 4.68056e+16	1.00e+00	1.75e-05	0.00e+00
 4.68108e+16	1.00e+00	1.80e-05	0.00e+00
 4.68160e+16	1.00e+00	1.78e-05	0.00e+00
 4.68210e+16	1.00e+00	1.74e-05	0.00e+00
 4.68259e+16	1.00e+00	1.70e-05	0.00e+00
 4.68307e+16	1.00e+00	1.66e-05	0.00e+00
 4.68353e+16	1.00e+00	1.62e-05	0.00e+00
 4.68398e+16	1.00e+00	1.59e-05	0.00e+00
 4.68439e+16	1.00e+00	1.56e-05	0.00e+00
 4.68475e+16	1.00e+00	1.53e-05	0.00e+00
 4.68505e+16	1.00e+00	1.51e-05	0.00e+00
 4.68531e+16	1.00e+00	1.50e-05	0.00e+00
