#depth	He	He+	He+2
 8.18814e+10	1.76e-03	9.54e-01	4.39e-02
 4.91288e+11	1.76e-03	9.54e-01	4.39e-02
 2.12892e+12	1.76e-03	9.54e-01	4.39e-02
 8.67943e+12	1.76e-03	9.55e-01	4.36e-02
 2.07324e+13	1.76e-03	9.54e-01	4.38e-02
 3.64012e+13	1.76e-03	9.54e-01	4.38e-02
 5.67707e+13	1.76e-03	9.55e-01	4.36e-02
 8.32510e+13	1.76e-03	9.55e-01	4.31e-02
 1.17675e+14	1.77e-03	9.56e-01	4.23e-02
 1.62427e+14	1.77e-03	9.57e-01	4.09e-02
 2.20604e+14	1.78e-03	9.59e-01	3.89e-02
 2.96235e+14	1.79e-03	9.62e-01	3.61e-02
 3.94554e+14	1.80e-03	9.66e-01	3.23e-02
 5.22370e+14	1.82e-03	9.71e-01	2.75e-02
 6.88530e+14	1.84e-03	9.76e-01	2.19e-02
 9.04538e+14	1.87e-03	9.82e-01	1.60e-02
 1.18535e+15	1.90e-03	9.88e-01	1.04e-02
 1.55040e+15	1.94e-03	9.92e-01	5.89e-03
 2.02497e+15	1.98e-03	9.95e-01	2.80e-03
 2.64191e+15	2.04e-03	9.97e-01	1.08e-03
 3.14015e+15	2.07e-03	9.97e-01	5.00e-04
 3.45416e+15	2.10e-03	9.98e-01	3.16e-04
 3.79958e+15	2.13e-03	9.98e-01	1.93e-04
 4.17954e+15	2.16e-03	9.98e-01	1.14e-04
 4.59749e+15	2.20e-03	9.98e-01	6.55e-05
 5.05724e+15	2.25e-03	9.98e-01	3.65e-05
 5.56296e+15	2.30e-03	9.98e-01	1.98e-05
 6.11926e+15	2.35e-03	9.98e-01	1.05e-05
 6.73119e+15	2.42e-03	9.98e-01	5.40e-06
 7.40430e+15	2.49e-03	9.98e-01	2.74e-06
 8.14473e+15	2.58e-03	9.97e-01	1.36e-06
 8.95921e+15	2.68e-03	9.97e-01	6.63e-07
 9.85513e+15	2.79e-03	9.97e-01	3.17e-07
 1.08406e+16	2.92e-03	9.97e-01	1.49e-07
 1.19247e+16	3.08e-03	9.97e-01	6.85e-08
 1.31172e+16	3.27e-03	9.97e-01	3.09e-08
 1.44289e+16	3.50e-03	9.97e-01	1.37e-08
 1.58718e+16	3.78e-03	9.96e-01	5.94e-09
 1.74590e+16	4.13e-03	9.96e-01	2.53e-09
 1.90868e+16	4.53e-03	9.95e-01	1.13e-09
 2.06087e+16	4.97e-03	9.95e-01	5.70e-10
 2.20192e+16	5.44e-03	9.95e-01	3.18e-10
 2.33730e+16	5.97e-03	9.94e-01	1.93e-10
 2.46916e+16	6.58e-03	9.93e-01	1.26e-10
 2.59597e+16	7.25e-03	9.93e-01	8.94e-11
 2.71620e+16	8.03e-03	9.92e-01	6.87e-11
 2.82990e+16	8.91e-03	9.91e-01	5.66e-11
 2.93772e+16	9.91e-03	9.90e-01	4.92e-11
 3.04014e+16	1.11e-02	9.89e-01	4.46e-11
 3.13735e+16	1.24e-02	9.88e-01	4.16e-11
 3.22981e+16	1.39e-02	9.86e-01	3.96e-11
 3.31738e+16	1.57e-02	9.84e-01	3.84e-11
 3.39959e+16	1.79e-02	9.82e-01	3.75e-11
 3.47692e+16	2.04e-02	9.80e-01	3.70e-11
 3.55011e+16	2.35e-02	9.77e-01	3.67e-11
 3.61950e+16	2.71e-02	9.73e-01	3.66e-11
 3.68478e+16	3.18e-02	9.68e-01	3.66e-11
 3.74614e+16	3.77e-02	9.62e-01	3.66e-11
 3.80489e+16	4.53e-02	9.55e-01	3.68e-11
 3.86061e+16	5.56e-02	9.44e-01	3.70e-11
 3.90510e+16	6.75e-02	9.32e-01	3.72e-11
 3.93510e+16	7.82e-02	9.22e-01	3.77e-11
 3.95915e+16	8.93e-02	9.11e-01	3.79e-11
 3.98606e+16	1.05e-01	8.95e-01	3.80e-11
 4.01402e+16	1.28e-01	8.72e-01	3.81e-11
 4.03572e+16	1.51e-01	8.49e-01	3.86e-11
 4.05200e+16	1.75e-01	8.25e-01	3.85e-11
 4.06635e+16	2.01e-01	7.99e-01	3.84e-11
 4.08250e+16	2.37e-01	7.63e-01	3.87e-11
 4.09927e+16	2.86e-01	7.14e-01	3.84e-11
 4.11241e+16	3.38e-01	6.62e-01	3.72e-11
 4.12248e+16	3.85e-01	6.15e-01	3.69e-11
 4.13299e+16	4.44e-01	5.56e-01	3.49e-11
 4.14474e+16	5.20e-01	4.80e-01	3.23e-11
 4.15568e+16	5.97e-01	4.03e-01	2.97e-11
 4.16749e+16	6.85e-01	3.15e-01	2.47e-11
 4.18284e+16	7.89e-01	2.11e-01	1.80e-11
 4.20010e+16	8.79e-01	1.21e-01	1.13e-11
 4.21983e+16	9.40e-01	6.03e-02	5.97e-12
 4.24547e+16	9.76e-01	2.42e-02	2.51e-12
 4.27882e+16	9.92e-01	8.17e-03	8.72e-13
 4.32216e+16	9.97e-01	2.70e-03	0.00e+00
 4.36387e+16	9.99e-01	1.39e-03	0.00e+00
 4.39343e+16	9.99e-01	1.07e-03	0.00e+00
 4.41726e+16	9.99e-01	9.67e-04	0.00e+00
 4.43776e+16	9.99e-01	8.92e-04	0.00e+00
 4.45406e+16	9.99e-01	8.42e-04	0.00e+00
 4.46792e+16	9.99e-01	7.99e-04	0.00e+00
 4.48075e+16	9.99e-01	7.45e-04	0.00e+00
 4.49267e+16	9.99e-01	6.97e-04	0.00e+00
 4.50333e+16	9.99e-01	6.53e-04	0.00e+00
 4.51282e+16	9.99e-01	6.00e-04	0.00e+00
 4.52138e+16	9.99e-01	5.43e-04	0.00e+00
 4.52908e+16	1.00e+00	4.86e-04	0.00e+00
 4.53606e+16	1.00e+00	4.29e-04	0.00e+00
 4.54242e+16	1.00e+00	3.73e-04	0.00e+00
 4.54834e+16	1.00e+00	3.20e-04	0.00e+00
 4.55389e+16	1.00e+00	2.72e-04	0.00e+00
 4.55884e+16	1.00e+00	2.30e-04	0.00e+00
 4.56284e+16	1.00e+00	1.97e-04	0.00e+00
 4.56583e+16	1.00e+00	1.75e-04	0.00e+00
 4.56820e+16	1.00e+00	1.60e-04	0.00e+00
 4.57031e+16	1.00e+00	1.48e-04	0.00e+00
 4.57230e+16	1.00e+00	1.35e-04	0.00e+00
 4.57413e+16	1.00e+00	1.24e-04	0.00e+00
 4.57578e+16	1.00e+00	1.14e-04	0.00e+00
 4.57730e+16	1.00e+00	1.07e-04	0.00e+00
 4.57871e+16	1.00e+00	9.95e-05	0.00e+00
 4.58003e+16	1.00e+00	9.37e-05	0.00e+00
 4.58112e+16	1.00e+00	8.75e-05	0.00e+00
 4.58192e+16	1.00e+00	8.48e-05	0.00e+00
 4.58266e+16	1.00e+00	8.25e-05	0.00e+00
 4.58347e+16	1.00e+00	7.91e-05	0.00e+00
 4.58431e+16	1.00e+00	7.54e-05	0.00e+00
 4.58514e+16	1.00e+00	7.22e-05	0.00e+00
 4.58594e+16	1.00e+00	6.93e-05	0.00e+00
 4.58673e+16	1.00e+00	6.65e-05	0.00e+00
 4.58751e+16	1.00e+00	6.37e-05	0.00e+00
 4.58830e+16	1.00e+00	6.11e-05	0.00e+00
 4.58907e+16	1.00e+00	5.86e-05	0.00e+00
 4.58984e+16	1.00e+00	5.62e-05	0.00e+00
 4.59059e+16	1.00e+00	5.40e-05	0.00e+00
 4.59134e+16	1.00e+00	5.18e-05	0.00e+00
 4.59209e+16	1.00e+00	4.97e-05	0.00e+00
 4.59284e+16	1.00e+00	4.77e-05	0.00e+00
 4.59357e+16	1.00e+00	4.58e-05	0.00e+00
 4.59430e+16	1.00e+00	4.40e-05	0.00e+00
 4.59503e+16	1.00e+00	4.22e-05	0.00e+00
 4.59575e+16	1.00e+00	4.05e-05	0.00e+00
 4.59645e+16	1.00e+00	3.90e-05	0.00e+00
 4.59716e+16	1.00e+00	3.75e-05	0.00e+00
 4.59786e+16	1.00e+00	3.60e-05	0.00e+00
 4.59855e+16	1.00e+00	3.46e-05	0.00e+00
 4.59922e+16	1.00e+00	3.33e-05	0.00e+00
 4.59987e+16	1.00e+00	3.21e-05	0.00e+00
 4.60052e+16	1.00e+00	3.10e-05	0.00e+00
 4.60117e+16	1.00e+00	2.99e-05	0.00e+00
 4.60181e+16	1.00e+00	2.88e-05	0.00e+00
 4.60243e+16	1.00e+00	2.78e-05	0.00e+00
 4.60304e+16	1.00e+00	2.69e-05	0.00e+00
 4.60364e+16	1.00e+00	2.60e-05	0.00e+00
 4.60425e+16	1.00e+00	2.51e-05	0.00e+00
 4.60485e+16	1.00e+00	2.43e-05	0.00e+00
 4.60544e+16	1.00e+00	2.34e-05	0.00e+00
 4.60602e+16	1.00e+00	2.26e-05	0.00e+00
 4.60659e+16	1.00e+00	2.18e-05	0.00e+00
 4.60715e+16	1.00e+00	2.04e-05	0.00e+00
 4.60770e+16	1.00e+00	1.97e-05	0.00e+00
 4.60824e+16	1.00e+00	1.99e-05	0.00e+00
 4.60878e+16	1.00e+00	1.95e-05	0.00e+00
 4.60931e+16	1.00e+00	1.90e-05	0.00e+00
 4.60983e+16	1.00e+00	1.85e-05	0.00e+00
 4.61034e+16	1.00e+00	1.81e-05	0.00e+00
 4.61083e+16	1.00e+00	1.76e-05	0.00e+00
 4.61132e+16	1.00e+00	1.72e-05	0.00e+00
 4.61179e+16	1.00e+00	1.68e-05	0.00e+00
 4.61224e+16	1.00e+00	1.64e-05	0.00e+00
 4.61266e+16	1.00e+00	1.61e-05	0.00e+00
 4.61304e+16	1.00e+00	1.58e-05	0.00e+00
 4.61335e+16	1.00e+00	1.56e-05	0.00e+00
 4.61362e+16	1.00e+00	1.54e-05	0.00e+00
 4.61387e+16	1.00e+00	1.52e-05	0.00e+00
