#depth	O	O+	O+2	O+3	O+4	O+5	O+6	O+7	O+8	O[1]	O[2]	O[3]
 1.15430e+12	1.03e-07	5.65e-03	8.13e-01	1.82e-01	2.07e-05	0.00e+00	0.00e+00	0.00e+00	0.00e+00	8.99e-08	7.36e-09	6.10e-09
 6.92580e+12	1.03e-07	5.64e-03	8.13e-01	1.82e-01	2.07e-05	4.95e-13	0.00e+00	0.00e+00	0.00e+00	8.97e-08	7.37e-09	6.12e-09
 3.00118e+13	1.03e-07	5.65e-03	8.13e-01	1.81e-01	2.06e-05	0.00e+00	0.00e+00	0.00e+00	0.00e+00	8.99e-08	7.39e-09	6.13e-09
 1.22356e+14	1.05e-07	5.68e-03	8.15e-01	1.79e-01	2.02e-05	0.00e+00	0.00e+00	0.00e+00	0.00e+00	9.09e-08	7.47e-09	6.20e-09
 2.92269e+14	1.06e-07	5.73e-03	8.19e-01	1.75e-01	1.95e-05	0.00e+00	0.00e+00	0.00e+00	0.00e+00	9.24e-08	7.57e-09	6.29e-09
 5.13155e+14	1.09e-07	5.81e-03	8.23e-01	1.71e-01	1.86e-05	0.00e+00	0.00e+00	0.00e+00	0.00e+00	9.46e-08	7.75e-09	6.44e-09
 8.00308e+14	1.12e-07	5.91e-03	8.29e-01	1.66e-01	1.76e-05	0.00e+00	0.00e+00	0.00e+00	0.00e+00	9.77e-08	7.98e-09	6.64e-09
 1.17361e+15	1.17e-07	6.05e-03	8.35e-01	1.58e-01	1.63e-05	0.00e+00	0.00e+00	0.00e+00	0.00e+00	1.02e-07	8.29e-09	6.91e-09
 1.65890e+15	1.23e-07	6.23e-03	8.44e-01	1.50e-01	1.47e-05	0.00e+00	0.00e+00	0.00e+00	0.00e+00	1.07e-07	8.71e-09	7.27e-09
 2.28977e+15	1.32e-07	6.45e-03	8.55e-01	1.39e-01	1.29e-05	0.00e+00	0.00e+00	0.00e+00	0.00e+00	1.15e-07	9.26e-09	7.75e-09
 3.10991e+15	1.43e-07	6.75e-03	8.68e-01	1.25e-01	1.08e-05	0.00e+00	0.00e+00	0.00e+00	0.00e+00	1.25e-07	1.00e-08	8.39e-09
 4.17609e+15	1.59e-07	7.15e-03	8.84e-01	1.09e-01	8.54e-06	0.00e+00	0.00e+00	0.00e+00	0.00e+00	1.38e-07	1.10e-08	9.27e-09
 5.56212e+15	1.81e-07	7.66e-03	9.02e-01	9.00e-02	6.24e-06	0.00e+00	0.00e+00	0.00e+00	0.00e+00	1.58e-07	1.24e-08	1.05e-08
 7.36396e+15	2.12e-07	8.35e-03	9.22e-01	6.93e-02	4.08e-06	0.00e+00	0.00e+00	0.00e+00	0.00e+00	1.85e-07	1.44e-08	1.23e-08
 9.55011e+15	2.55e-07	9.19e-03	9.41e-01	4.95e-02	2.39e-06	0.00e+00	0.00e+00	0.00e+00	0.00e+00	2.23e-07	1.71e-08	1.46e-08
 1.19322e+16	3.07e-07	1.01e-02	9.56e-01	3.36e-02	1.31e-06	0.00e+00	0.00e+00	0.00e+00	0.00e+00	2.69e-07	2.03e-08	1.75e-08
 1.44097e+16	3.70e-07	1.11e-02	9.67e-01	2.21e-02	6.85e-07	0.00e+00	0.00e+00	0.00e+00	0.00e+00	3.25e-07	2.41e-08	2.08e-08
 1.69862e+16	4.44e-07	1.22e-02	9.74e-01	1.41e-02	0.00e+00	0.00e+00	0.00e+00	0.00e+00	0.00e+00	3.91e-07	2.86e-08	2.48e-08
 1.96658e+16	5.33e-07	1.33e-02	9.78e-01	8.81e-03	0.00e+00	0.00e+00	0.00e+00	0.00e+00	0.00e+00	4.70e-07	3.39e-08	2.96e-08
 2.24526e+16	6.39e-07	1.45e-02	9.80e-01	5.40e-03	0.00e+00	0.00e+00	0.00e+00	0.00e+00	0.00e+00	5.64e-07	4.02e-08	3.52e-08
 2.50669e+16	7.52e-07	1.57e-02	9.81e-01	3.43e-03	0.00e+00	0.00e+00	0.00e+00	0.00e+00	0.00e+00	6.64e-07	4.68e-08	4.11e-08
 2.75736e+16	8.74e-07	1.68e-02	9.81e-01	2.23e-03	0.00e+00	0.00e+00	0.00e+00	0.00e+00	0.00e+00	7.73e-07	5.40e-08	4.75e-08
 3.03310e+16	1.02e-06	1.81e-02	9.80e-01	1.40e-03	0.00e+00	0.00e+00	0.00e+00	0.00e+00	0.00e+00	9.07e-07	6.28e-08	5.54e-08
 3.33641e+16	1.21e-06	1.96e-02	9.80e-01	8.47e-04	0.00e+00	0.00e+00	0.00e+00	0.00e+00	0.00e+00	1.08e-06	7.37e-08	6.52e-08
 3.66520e+16	1.45e-06	2.12e-02	9.78e-01	4.99e-04	0.00e+00	0.00e+00	0.00e+00	0.00e+00	0.00e+00	1.28e-06	8.72e-08	7.72e-08
 4.01182e+16	1.73e-06	2.30e-02	9.77e-01	2.90e-04	0.00e+00	0.00e+00	0.00e+00	0.00e+00	0.00e+00	1.54e-06	1.03e-07	9.18e-08
 4.37231e+16	2.07e-06	2.50e-02	9.75e-01	1.68e-04	0.00e+00	0.00e+00	0.00e+00	0.00e+00	0.00e+00	1.84e-06	1.23e-07	1.09e-07
 4.74721e+16	2.48e-06	2.71e-02	9.73e-01	9.76e-05	0.00e+00	0.00e+00	0.00e+00	0.00e+00	0.00e+00	2.21e-06	1.46e-07	1.30e-07
 5.13711e+16	2.97e-06	2.95e-02	9.70e-01	5.67e-05	0.00e+00	0.00e+00	0.00e+00	0.00e+00	0.00e+00	2.64e-06	1.73e-07	1.55e-07
 5.54261e+16	3.56e-06	3.20e-02	9.68e-01	3.30e-05	0.00e+00	0.00e+00	0.00e+00	0.00e+00	0.00e+00	3.17e-06	2.06e-07	1.84e-07
 5.96433e+16	4.27e-06	3.47e-02	9.65e-01	1.94e-05	0.00e+00	0.00e+00	0.00e+00	0.00e+00	0.00e+00	3.80e-06	2.45e-07	2.20e-07
 6.40292e+16	5.12e-06	3.77e-02	9.62e-01	1.15e-05	0.00e+00	0.00e+00	0.00e+00	0.00e+00	0.00e+00	4.57e-06	2.93e-07	2.62e-07
 6.85905e+16	6.14e-06	4.10e-02	9.59e-01	6.91e-06	0.00e+00	0.00e+00	0.00e+00	0.00e+00	0.00e+00	5.48e-06	3.49e-07	3.14e-07
 7.33342e+16	7.38e-06	4.45e-02	9.55e-01	4.24e-06	0.00e+00	0.00e+00	0.00e+00	0.00e+00	0.00e+00	6.59e-06	4.17e-07	3.75e-07
 7.82677e+16	8.87e-06	4.84e-02	9.52e-01	2.67e-06	0.00e+00	0.00e+00	0.00e+00	0.00e+00	0.00e+00	7.92e-06	4.99e-07	4.49e-07
 8.33986e+16	1.07e-05	5.27e-02	9.47e-01	1.74e-06	0.00e+00	0.00e+00	0.00e+00	0.00e+00	0.00e+00	9.53e-06	5.97e-07	5.38e-07
 8.87347e+16	1.28e-05	5.73e-02	9.43e-01	1.17e-06	0.00e+00	0.00e+00	0.00e+00	0.00e+00	0.00e+00	1.15e-05	7.15e-07	6.45e-07
 9.42842e+16	1.55e-05	6.25e-02	9.38e-01	8.28e-07	0.00e+00	0.00e+00	0.00e+00	0.00e+00	0.00e+00	1.38e-05	8.57e-07	7.74e-07
 1.00056e+17	1.86e-05	6.80e-02	9.32e-01	0.00e+00	0.00e+00	0.00e+00	0.00e+00	0.00e+00	0.00e+00	1.66e-05	1.03e-06	9.29e-07
 1.06058e+17	2.25e-05	7.42e-02	9.26e-01	0.00e+00	0.00e+00	0.00e+00	0.00e+00	0.00e+00	0.00e+00	2.01e-05	1.24e-06	1.12e-06
 1.12301e+17	2.71e-05	8.09e-02	9.19e-01	0.00e+00	0.00e+00	0.00e+00	0.00e+00	0.00e+00	0.00e+00	2.42e-05	1.48e-06	1.34e-06
 1.18793e+17	3.27e-05	8.83e-02	9.12e-01	0.00e+00	0.00e+00	0.00e+00	0.00e+00	0.00e+00	0.00e+00	2.93e-05	1.79e-06	1.62e-06
 1.25289e+17	3.93e-05	9.62e-02	9.04e-01	0.00e+00	0.00e+00	0.00e+00	0.00e+00	0.00e+00	0.00e+00	3.52e-05	2.14e-06	1.94e-06
 1.32046e+17	4.73e-05	1.05e-01	8.95e-01	0.00e+00	0.00e+00	0.00e+00	0.00e+00	0.00e+00	0.00e+00	4.24e-05	2.57e-06	2.33e-06
 1.39109e+17	5.70e-05	1.14e-01	8.86e-01	0.00e+00	0.00e+00	0.00e+00	0.00e+00	0.00e+00	0.00e+00	5.11e-05	3.08e-06	2.81e-06
 1.46001e+17	6.82e-05	1.24e-01	8.76e-01	0.00e+00	0.00e+00	0.00e+00	0.00e+00	0.00e+00	0.00e+00	6.12e-05	3.68e-06	3.35e-06
 1.52714e+17	8.07e-05	1.35e-01	8.65e-01	0.00e+00	0.00e+00	0.00e+00	0.00e+00	0.00e+00	0.00e+00	7.24e-05	4.34e-06	3.95e-06
 1.60151e+17	9.71e-05	1.47e-01	8.53e-01	0.00e+00	0.00e+00	0.00e+00	0.00e+00	0.00e+00	0.00e+00	8.72e-05	5.21e-06	4.75e-06
 1.68072e+17	1.17e-04	1.60e-01	8.40e-01	0.00e+00	0.00e+00	0.00e+00	0.00e+00	0.00e+00	0.00e+00	1.05e-04	6.29e-06	5.74e-06
 1.75264e+17	1.39e-04	1.73e-01	8.26e-01	0.00e+00	0.00e+00	0.00e+00	0.00e+00	0.00e+00	0.00e+00	1.25e-04	7.42e-06	6.78e-06
 1.83068e+17	1.67e-04	1.89e-01	8.11e-01	0.00e+00	0.00e+00	0.00e+00	0.00e+00	0.00e+00	0.00e+00	1.50e-04	8.91e-06	8.14e-06
 1.91487e+17	2.02e-04	2.06e-01	7.93e-01	0.00e+00	0.00e+00	0.00e+00	0.00e+00	0.00e+00	0.00e+00	1.82e-04	1.08e-05	9.84e-06
 1.98966e+17	2.39e-04	2.23e-01	7.77e-01	0.00e+00	0.00e+00	0.00e+00	0.00e+00	0.00e+00	0.00e+00	2.15e-04	1.27e-05	1.16e-05
 2.05880e+17	2.80e-04	2.40e-01	7.60e-01	0.00e+00	0.00e+00	0.00e+00	0.00e+00	0.00e+00	0.00e+00	2.51e-04	1.48e-05	1.36e-05
 2.13801e+17	3.35e-04	2.60e-01	7.40e-01	0.00e+00	0.00e+00	0.00e+00	0.00e+00	0.00e+00	0.00e+00	3.01e-04	1.77e-05	1.63e-05
 2.22312e+17	4.06e-04	2.84e-01	7.16e-01	0.00e+00	0.00e+00	0.00e+00	0.00e+00	0.00e+00	0.00e+00	3.65e-04	2.14e-05	1.96e-05
 2.29770e+17	4.79e-04	3.06e-01	6.94e-01	0.00e+00	0.00e+00	0.00e+00	0.00e+00	0.00e+00	0.00e+00	4.31e-04	2.53e-05	2.32e-05
 2.36509e+17	5.59e-04	3.27e-01	6.72e-01	0.00e+00	0.00e+00	0.00e+00	0.00e+00	0.00e+00	0.00e+00	5.03e-04	2.95e-05	2.70e-05
 2.44138e+17	6.69e-04	3.54e-01	6.46e-01	0.00e+00	0.00e+00	0.00e+00	0.00e+00	0.00e+00	0.00e+00	6.02e-04	3.52e-05	3.23e-05
 2.52265e+17	8.10e-04	3.84e-01	6.15e-01	0.00e+00	0.00e+00	0.00e+00	0.00e+00	0.00e+00	0.00e+00	7.28e-04	4.26e-05	3.91e-05
 2.59223e+17	9.58e-04	4.12e-01	5.87e-01	0.00e+00	0.00e+00	0.00e+00	0.00e+00	0.00e+00	0.00e+00	8.61e-04	5.03e-05	4.62e-05
 2.65332e+17	1.11e-03	4.39e-01	5.60e-01	0.00e+00	0.00e+00	0.00e+00	0.00e+00	0.00e+00	0.00e+00	1.00e-03	5.85e-05	5.37e-05
 2.72157e+17	1.33e-03	4.71e-01	5.27e-01	0.00e+00	0.00e+00	0.00e+00	0.00e+00	0.00e+00	0.00e+00	1.20e-03	6.97e-05	6.41e-05
 2.79405e+17	1.61e-03	5.08e-01	4.90e-01	0.00e+00	0.00e+00	0.00e+00	0.00e+00	0.00e+00	0.00e+00	1.45e-03	8.44e-05	7.75e-05
 2.85512e+17	1.90e-03	5.42e-01	4.56e-01	0.00e+00	0.00e+00	0.00e+00	0.00e+00	0.00e+00	0.00e+00	1.71e-03	9.97e-05	9.17e-05
 2.90718e+17	2.21e-03	5.72e-01	4.25e-01	0.00e+00	0.00e+00	0.00e+00	0.00e+00	0.00e+00	0.00e+00	1.98e-03	1.16e-04	1.06e-04
 2.96446e+17	2.62e-03	6.09e-01	3.89e-01	0.00e+00	0.00e+00	0.00e+00	0.00e+00	0.00e+00	0.00e+00	2.36e-03	1.37e-04	1.26e-04
 3.02544e+17	3.16e-03	6.49e-01	3.47e-01	0.00e+00	0.00e+00	0.00e+00	0.00e+00	0.00e+00	0.00e+00	2.85e-03	1.66e-04	1.52e-04
 3.07656e+17	3.75e-03	6.86e-01	3.11e-01	0.00e+00	0.00e+00	0.00e+00	0.00e+00	0.00e+00	0.00e+00	3.37e-03	1.96e-04	1.80e-04
 3.11910e+17	4.35e-03	7.18e-01	2.78e-01	0.00e+00	0.00e+00	0.00e+00	0.00e+00	0.00e+00	0.00e+00	3.92e-03	2.27e-04	2.09e-04
 3.15673e+17	4.98e-03	7.46e-01	2.49e-01	0.00e+00	0.00e+00	0.00e+00	0.00e+00	0.00e+00	0.00e+00	4.49e-03	2.60e-04	2.39e-04
 3.19720e+17	5.80e-03	7.78e-01	2.16e-01	0.00e+00	0.00e+00	0.00e+00	0.00e+00	0.00e+00	0.00e+00	5.22e-03	3.03e-04	2.79e-04
 3.24233e+17	6.93e-03	8.14e-01	1.79e-01	0.00e+00	0.00e+00	0.00e+00	0.00e+00	0.00e+00	0.00e+00	6.23e-03	3.61e-04	3.32e-04
 3.28313e+17	8.23e-03	8.46e-01	1.46e-01	0.00e+00	0.00e+00	0.00e+00	0.00e+00	0.00e+00	0.00e+00	7.40e-03	4.29e-04	3.94e-04
 3.31320e+17	9.42e-03	8.69e-01	1.21e-01	0.00e+00	0.00e+00	0.00e+00	0.00e+00	0.00e+00	0.00e+00	8.48e-03	4.91e-04	4.51e-04
 3.33417e+17	1.04e-02	8.85e-01	1.05e-01	0.00e+00	0.00e+00	0.00e+00	0.00e+00	0.00e+00	0.00e+00	9.38e-03	5.42e-04	4.98e-04
 3.35586e+17	1.16e-02	9.01e-01	8.76e-02	0.00e+00	0.00e+00	0.00e+00	0.00e+00	0.00e+00	0.00e+00	1.04e-02	6.02e-04	5.53e-04
 3.37873e+17	1.30e-02	9.16e-01	7.08e-02	0.00e+00	0.00e+00	0.00e+00	0.00e+00	0.00e+00	0.00e+00	1.17e-02	6.75e-04	6.21e-04
 3.39899e+17	1.45e-02	9.29e-01	5.65e-02	0.00e+00	0.00e+00	0.00e+00	0.00e+00	0.00e+00	0.00e+00	1.30e-02	7.52e-04	6.91e-04
 3.41747e+17	1.61e-02	9.40e-01	4.44e-02	0.00e+00	0.00e+00	0.00e+00	0.00e+00	0.00e+00	0.00e+00	1.45e-02	8.35e-04	7.68e-04
 3.43405e+17	1.78e-02	9.48e-01	3.43e-02	0.00e+00	0.00e+00	0.00e+00	0.00e+00	0.00e+00	0.00e+00	1.60e-02	9.22e-04	8.48e-04
 3.44861e+17	1.92e-02	9.54e-01	2.65e-02	0.00e+00	0.00e+00	0.00e+00	0.00e+00	0.00e+00	0.00e+00	1.73e-02	9.98e-04	9.18e-04
 3.46054e+17	2.06e-02	9.59e-01	2.07e-02	0.00e+00	0.00e+00	0.00e+00	0.00e+00	0.00e+00	0.00e+00	1.86e-02	1.07e-03	9.85e-04
 3.47000e+17	2.19e-02	9.62e-01	1.66e-02	0.00e+00	0.00e+00	0.00e+00	0.00e+00	0.00e+00	0.00e+00	1.97e-02	1.14e-03	1.04e-03
 3.47999e+17	2.33e-02	9.64e-01	1.28e-02	0.00e+00	0.00e+00	0.00e+00	0.00e+00	0.00e+00	0.00e+00	2.10e-02	1.21e-03	1.11e-03
 3.49115e+17	2.51e-02	9.66e-01	9.27e-03	0.00e+00	0.00e+00	0.00e+00	0.00e+00	0.00e+00	0.00e+00	2.26e-02	1.30e-03	1.20e-03
 3.50152e+17	2.69e-02	9.66e-01	6.65e-03	0.00e+00	0.00e+00	0.00e+00	0.00e+00	0.00e+00	0.00e+00	2.42e-02	1.39e-03	1.28e-03
 3.51271e+17	2.91e-02	9.66e-01	4.50e-03	0.00e+00	0.00e+00	0.00e+00	0.00e+00	0.00e+00	0.00e+00	2.62e-02	1.50e-03	1.38e-03
 3.52725e+17	3.23e-02	9.65e-01	2.62e-03	0.00e+00	0.00e+00	0.00e+00	0.00e+00	0.00e+00	0.00e+00	2.91e-02	1.67e-03	1.53e-03
 3.54616e+17	3.75e-02	9.61e-01	1.25e-03	0.00e+00	0.00e+00	0.00e+00	0.00e+00	0.00e+00	0.00e+00	3.38e-02	1.93e-03	1.78e-03
 3.56695e+17	4.50e-02	9.54e-01	5.29e-04	0.00e+00	0.00e+00	0.00e+00	0.00e+00	0.00e+00	0.00e+00	4.06e-02	2.31e-03	2.12e-03
 3.58708e+17	5.52e-02	9.45e-01	2.27e-04	0.00e+00	0.00e+00	0.00e+00	0.00e+00	0.00e+00	0.00e+00	4.98e-02	2.81e-03	2.59e-03
 3.60594e+17	6.89e-02	9.31e-01	1.01e-04	0.00e+00	0.00e+00	0.00e+00	0.00e+00	0.00e+00	0.00e+00	6.22e-02	3.49e-03	3.22e-03
 3.62011e+17	8.36e-02	9.16e-01	5.43e-05	0.00e+00	0.00e+00	0.00e+00	0.00e+00	0.00e+00	0.00e+00	7.55e-02	4.20e-03	3.88e-03
 3.62916e+17	9.58e-02	9.04e-01	3.61e-05	0.00e+00	0.00e+00	0.00e+00	0.00e+00	0.00e+00	0.00e+00	8.66e-02	4.78e-03	4.42e-03
 3.63775e+17	1.11e-01	8.89e-01	2.37e-05	0.00e+00	0.00e+00	0.00e+00	0.00e+00	0.00e+00	0.00e+00	1.00e-01	5.47e-03	5.07e-03
 3.64724e+17	1.32e-01	8.68e-01	1.48e-05	0.00e+00	0.00e+00	0.00e+00	0.00e+00	0.00e+00	0.00e+00	1.19e-01	6.41e-03	5.96e-03
 3.65549e+17	1.55e-01	8.45e-01	9.62e-06	0.00e+00	0.00e+00	0.00e+00	0.00e+00	0.00e+00	0.00e+00	1.41e-01	7.44e-03	6.94e-03
 3.66204e+17	1.79e-01	8.21e-01	6.69e-06	0.00e+00	0.00e+00	0.00e+00	0.00e+00	0.00e+00	0.00e+00	1.63e-01	8.45e-03	7.90e-03
 3.66772e+17	2.05e-01	7.95e-01	4.79e-06	0.00e+00	0.00e+00	0.00e+00	0.00e+00	0.00e+00	0.00e+00	1.87e-01	9.46e-03	8.89e-03
 3.67405e+17	2.40e-01	7.60e-01	3.19e-06	0.00e+00	0.00e+00	0.00e+00	0.00e+00	0.00e+00	0.00e+00	2.19e-01	1.08e-02	1.02e-02
 3.68061e+17	2.86e-01	7.14e-01	2.06e-06	0.00e+00	0.00e+00	0.00e+00	0.00e+00	0.00e+00	0.00e+00	2.62e-01	1.23e-02	1.17e-02
 3.68581e+17	3.31e-01	6.69e-01	1.42e-06	0.00e+00	0.00e+00	0.00e+00	0.00e+00	0.00e+00	0.00e+00	3.04e-01	1.37e-02	1.31e-02
 3.68956e+17	3.69e-01	6.31e-01	1.06e-06	0.00e+00	0.00e+00	0.00e+00	0.00e+00	0.00e+00	0.00e+00	3.41e-01	1.47e-02	1.42e-02
 3.69230e+17	4.00e-01	6.00e-01	8.54e-07	0.00e+00	0.00e+00	0.00e+00	0.00e+00	0.00e+00	0.00e+00	3.70e-01	1.54e-02	1.50e-02
 3.69457e+17	4.28e-01	5.72e-01	0.00e+00	0.00e+00	0.00e+00	0.00e+00	0.00e+00	0.00e+00	0.00e+00	3.96e-01	1.60e-02	1.56e-02
 3.69670e+17	4.55e-01	5.45e-01	0.00e+00	0.00e+00	0.00e+00	0.00e+00	0.00e+00	0.00e+00	0.00e+00	4.23e-01	1.65e-02	1.61e-02
 3.69872e+17	4.83e-01	5.17e-01	0.00e+00	0.00e+00	0.00e+00	0.00e+00	0.00e+00	0.00e+00	0.00e+00	4.49e-01	1.69e-02	1.66e-02
 3.70056e+17	5.08e-01	4.92e-01	0.00e+00	0.00e+00	0.00e+00	0.00e+00	0.00e+00	0.00e+00	0.00e+00	4.74e-01	1.72e-02	1.70e-02
 3.70217e+17	5.31e-01	4.69e-01	0.00e+00	0.00e+00	0.00e+00	0.00e+00	0.00e+00	0.00e+00	0.00e+00	4.96e-01	1.74e-02	1.73e-02
 3.70358e+17	5.51e-01	4.49e-01	0.00e+00	0.00e+00	0.00e+00	0.00e+00	0.00e+00	0.00e+00	0.00e+00	5.16e-01	1.76e-02	1.75e-02
 3.70491e+17	5.71e-01	4.29e-01	0.00e+00	0.00e+00	0.00e+00	0.00e+00	0.00e+00	0.00e+00	0.00e+00	5.36e-01	1.77e-02	1.77e-02
 3.70621e+17	5.91e-01	4.09e-01	0.00e+00	0.00e+00	0.00e+00	0.00e+00	0.00e+00	0.00e+00	0.00e+00	5.55e-01	1.77e-02	1.78e-02
 3.70725e+17	6.05e-01	3.95e-01	0.00e+00	0.00e+00	0.00e+00	0.00e+00	0.00e+00	0.00e+00	0.00e+00	5.70e-01	1.77e-02	1.78e-02
 3.70799e+17	6.17e-01	3.83e-01	0.00e+00	0.00e+00	0.00e+00	0.00e+00	0.00e+00	0.00e+00	0.00e+00	5.81e-01	1.77e-02	1.79e-02
 3.70871e+17	6.27e-01	3.73e-01	0.00e+00	0.00e+00	0.00e+00	0.00e+00	0.00e+00	0.00e+00	0.00e+00	5.92e-01	1.77e-02	1.79e-02
 3.70950e+17	6.40e-01	3.60e-01	0.00e+00	0.00e+00	0.00e+00	0.00e+00	0.00e+00	0.00e+00	0.00e+00	6.04e-01	1.77e-02	1.79e-02
 3.71033e+17	6.52e-01	3.48e-01	0.00e+00	0.00e+00	0.00e+00	0.00e+00	0.00e+00	0.00e+00	0.00e+00	6.17e-01	1.76e-02	1.79e-02
 3.71112e+17	6.64e-01	3.36e-01	0.00e+00	0.00e+00	0.00e+00	0.00e+00	0.00e+00	0.00e+00	0.00e+00	6.29e-01	1.75e-02	1.78e-02
 3.71188e+17	6.75e-01	3.25e-01	0.00e+00	0.00e+00	0.00e+00	0.00e+00	0.00e+00	0.00e+00	0.00e+00	6.40e-01	1.74e-02	1.78e-02
 3.71265e+17	6.87e-01	3.13e-01	0.00e+00	0.00e+00	0.00e+00	0.00e+00	0.00e+00	0.00e+00	0.00e+00	6.52e-01	1.73e-02	1.77e-02
 3.71342e+17	6.98e-01	3.02e-01	0.00e+00	0.00e+00	0.00e+00	0.00e+00	0.00e+00	0.00e+00	0.00e+00	6.63e-01	1.72e-02	1.76e-02
 3.71417e+17	7.09e-01	2.91e-01	0.00e+00	0.00e+00	0.00e+00	0.00e+00	0.00e+00	0.00e+00	0.00e+00	6.74e-01	1.70e-02	1.75e-02
 3.71490e+17	7.19e-01	2.81e-01	0.00e+00	0.00e+00	0.00e+00	0.00e+00	0.00e+00	0.00e+00	0.00e+00	6.85e-01	1.69e-02	1.73e-02
 3.71564e+17	7.30e-01	2.70e-01	0.00e+00	0.00e+00	0.00e+00	0.00e+00	0.00e+00	0.00e+00	0.00e+00	6.96e-01	1.67e-02	1.71e-02
 3.71637e+17	7.40e-01	2.60e-01	0.00e+00	0.00e+00	0.00e+00	0.00e+00	0.00e+00	0.00e+00	0.00e+00	7.06e-01	1.65e-02	1.69e-02
 3.71710e+17	7.50e-01	2.50e-01	0.00e+00	0.00e+00	0.00e+00	0.00e+00	0.00e+00	0.00e+00	0.00e+00	7.17e-01	1.63e-02	1.67e-02
 3.71782e+17	7.60e-01	2.40e-01	0.00e+00	0.00e+00	0.00e+00	0.00e+00	0.00e+00	0.00e+00	0.00e+00	7.27e-01	1.61e-02	1.65e-02
 3.71853e+17	7.69e-01	2.31e-01	0.00e+00	0.00e+00	0.00e+00	0.00e+00	0.00e+00	0.00e+00	0.00e+00	7.37e-01	1.59e-02	1.62e-02
 3.71922e+17	7.78e-01	2.22e-01	0.00e+00	0.00e+00	0.00e+00	0.00e+00	0.00e+00	0.00e+00	0.00e+00	7.46e-01	1.57e-02	1.60e-02
 3.71992e+17	7.87e-01	2.13e-01	0.00e+00	0.00e+00	0.00e+00	0.00e+00	0.00e+00	0.00e+00	0.00e+00	7.56e-01	1.54e-02	1.57e-02
 3.72062e+17	7.95e-01	2.05e-01	0.00e+00	0.00e+00	0.00e+00	0.00e+00	0.00e+00	0.00e+00	0.00e+00	7.65e-01	1.52e-02	1.55e-02
 3.72131e+17	8.04e-01	1.96e-01	0.00e+00	0.00e+00	0.00e+00	0.00e+00	0.00e+00	0.00e+00	0.00e+00	7.74e-01	1.49e-02	1.52e-02
 3.72198e+17	8.12e-01	1.88e-01	0.00e+00	0.00e+00	0.00e+00	0.00e+00	0.00e+00	0.00e+00	0.00e+00	7.82e-01	1.47e-02	1.49e-02
 3.72264e+17	8.20e-01	1.80e-01	0.00e+00	0.00e+00	0.00e+00	0.00e+00	0.00e+00	0.00e+00	0.00e+00	7.91e-01	1.44e-02	1.46e-02
 3.72330e+17	8.27e-01	1.73e-01	0.00e+00	0.00e+00	0.00e+00	0.00e+00	0.00e+00	0.00e+00	0.00e+00	7.99e-01	1.42e-02	1.44e-02
 3.72394e+17	8.35e-01	1.65e-01	0.00e+00	0.00e+00	0.00e+00	0.00e+00	0.00e+00	0.00e+00	0.00e+00	8.07e-01	1.39e-02	1.41e-02
 3.72456e+17	8.41e-01	1.59e-01	0.00e+00	0.00e+00	0.00e+00	0.00e+00	0.00e+00	0.00e+00	0.00e+00	8.14e-01	1.37e-02	1.38e-02
 3.72516e+17	8.48e-01	1.52e-01	0.00e+00	0.00e+00	0.00e+00	0.00e+00	0.00e+00	0.00e+00	0.00e+00	8.21e-01	1.35e-02	1.35e-02
 3.72576e+17	8.54e-01	1.46e-01	0.00e+00	0.00e+00	0.00e+00	0.00e+00	0.00e+00	0.00e+00	0.00e+00	8.28e-01	1.32e-02	1.32e-02
 3.72634e+17	8.60e-01	1.40e-01	0.00e+00	0.00e+00	0.00e+00	0.00e+00	0.00e+00	0.00e+00	0.00e+00	8.34e-01	1.30e-02	1.29e-02
 3.72690e+17	8.66e-01	1.34e-01	0.00e+00	0.00e+00	0.00e+00	0.00e+00	0.00e+00	0.00e+00	0.00e+00	8.41e-01	1.27e-02	1.26e-02
 3.72745e+17	8.72e-01	1.28e-01	0.00e+00	0.00e+00	0.00e+00	0.00e+00	0.00e+00	0.00e+00	0.00e+00	8.47e-01	1.25e-02	1.24e-02
 3.72798e+17	8.77e-01	1.23e-01	0.00e+00	0.00e+00	0.00e+00	0.00e+00	0.00e+00	0.00e+00	0.00e+00	8.53e-01	1.22e-02	1.21e-02
 3.72850e+17	8.83e-01	1.17e-01	0.00e+00	0.00e+00	0.00e+00	0.00e+00	0.00e+00	0.00e+00	0.00e+00	8.59e-01	1.20e-02	1.18e-02
 3.72899e+17	8.88e-01	1.12e-01	0.00e+00	0.00e+00	0.00e+00	0.00e+00	0.00e+00	0.00e+00	0.00e+00	8.64e-01	1.18e-02	1.15e-02
 3.72946e+17	8.92e-01	1.08e-01	0.00e+00	0.00e+00	0.00e+00	0.00e+00	0.00e+00	0.00e+00	0.00e+00	8.70e-01	1.15e-02	1.12e-02
 3.72987e+17	8.97e-01	1.03e-01	0.00e+00	0.00e+00	0.00e+00	0.00e+00	0.00e+00	0.00e+00	0.00e+00	8.74e-01	1.13e-02	1.09e-02
 3.73023e+17	9.00e-01	9.97e-02	0.00e+00	0.00e+00	0.00e+00	0.00e+00	0.00e+00	0.00e+00	0.00e+00	8.78e-01	1.11e-02	1.07e-02
 3.73052e+17	9.03e-01	9.66e-02	0.00e+00	0.00e+00	0.00e+00	0.00e+00	0.00e+00	0.00e+00	0.00e+00	8.82e-01	1.09e-02	1.05e-02
 3.73077e+17	9.06e-01	9.38e-02	0.00e+00	0.00e+00	0.00e+00	0.00e+00	0.00e+00	0.00e+00	0.00e+00	8.85e-01	1.07e-02	1.03e-02
 3.73100e+17	9.09e-01	9.11e-02	0.00e+00	0.00e+00	0.00e+00	0.00e+00	0.00e+00	0.00e+00	0.00e+00	8.88e-01	1.06e-02	1.01e-02
 3.73120e+17	9.11e-01	8.88e-02	0.00e+00	0.00e+00	0.00e+00	0.00e+00	0.00e+00	0.00e+00	0.00e+00	8.91e-01	1.04e-02	9.93e-03
 3.73137e+17	9.13e-01	8.66e-02	0.00e+00	0.00e+00	0.00e+00	0.00e+00	0.00e+00	0.00e+00	0.00e+00	8.93e-01	1.03e-02	9.77e-03
