#depth	He	He+	He+2
 1.15430e+12	1.15e-04	6.79e-01	3.21e-01
 6.92580e+12	1.15e-04	6.79e-01	3.21e-01
 3.00118e+13	1.15e-04	6.79e-01	3.21e-01
 1.22356e+14	1.16e-04	6.81e-01	3.19e-01
 2.92269e+14	1.16e-04	6.82e-01	3.18e-01
 5.13155e+14	1.17e-04	6.83e-01	3.16e-01
 8.00308e+14	1.18e-04	6.87e-01	3.13e-01
 1.17361e+15	1.21e-04	6.93e-01	3.07e-01
 1.65890e+15	1.24e-04	7.01e-01	2.99e-01
 2.28977e+15	1.29e-04	7.13e-01	2.87e-01
 3.10991e+15	1.35e-04	7.31e-01	2.69e-01
 4.17609e+15	1.45e-04	7.54e-01	2.45e-01
 5.56212e+15	1.59e-04	7.86e-01	2.14e-01
 7.36396e+15	1.79e-04	8.25e-01	1.74e-01
 9.55011e+15	2.03e-04	8.68e-01	1.31e-01
 1.19322e+16	2.30e-04	9.07e-01	9.29e-02
 1.44097e+16	2.59e-04	9.37e-01	6.25e-02
 1.69862e+16	2.88e-04	9.59e-01	4.04e-02
 1.96658e+16	3.19e-04	9.74e-01	2.53e-02
 2.24526e+16	3.50e-04	9.84e-01	1.54e-02
 2.50669e+16	3.80e-04	9.90e-01	9.71e-03
 2.75736e+16	4.09e-04	9.93e-01	6.25e-03
 3.03310e+16	4.42e-04	9.96e-01	3.88e-03
 3.33641e+16	4.80e-04	9.97e-01	2.32e-03
 3.66520e+16	5.21e-04	9.98e-01	1.34e-03
 4.01182e+16	5.67e-04	9.99e-01	7.68e-04
 4.37231e+16	6.16e-04	9.99e-01	4.37e-04
 4.74721e+16	6.69e-04	9.99e-01	2.48e-04
 5.13711e+16	7.26e-04	9.99e-01	1.41e-04
 5.54261e+16	7.88e-04	9.99e-01	8.01e-05
 5.96433e+16	8.55e-04	9.99e-01	4.57e-05
 6.40292e+16	9.28e-04	9.99e-01	2.61e-05
 6.85905e+16	1.01e-03	9.99e-01	1.50e-05
 7.33342e+16	1.09e-03	9.99e-01	8.63e-06
 7.82677e+16	1.19e-03	9.99e-01	5.00e-06
 8.33986e+16	1.29e-03	9.99e-01	2.91e-06
 8.87347e+16	1.40e-03	9.99e-01	1.70e-06
 9.42842e+16	1.52e-03	9.98e-01	9.95e-07
 1.00056e+17	1.65e-03	9.98e-01	5.85e-07
 1.06058e+17	1.79e-03	9.98e-01	3.45e-07
 1.12301e+17	1.95e-03	9.98e-01	2.04e-07
 1.18793e+17	2.12e-03	9.98e-01	1.21e-07
 1.25289e+17	2.30e-03	9.98e-01	7.34e-08
 1.32046e+17	2.50e-03	9.97e-01	4.44e-08
 1.39109e+17	2.72e-03	9.97e-01	2.70e-08
 1.46001e+17	2.95e-03	9.97e-01	1.69e-08
 1.52714e+17	3.19e-03	9.97e-01	1.10e-08
 1.60151e+17	3.48e-03	9.97e-01	6.89e-09
 1.68072e+17	3.80e-03	9.96e-01	4.36e-09
 1.75264e+17	4.12e-03	9.96e-01	2.97e-09
 1.83068e+17	4.51e-03	9.95e-01	1.99e-09
 1.91487e+17	4.96e-03	9.95e-01	1.37e-09
 1.98966e+17	5.39e-03	9.95e-01	1.03e-09
 2.05880e+17	5.84e-03	9.94e-01	8.11e-10
 2.13801e+17	6.42e-03	9.94e-01	6.45e-10
 2.22312e+17	7.11e-03	9.93e-01	5.35e-10
 2.29770e+17	7.79e-03	9.92e-01	4.72e-10
 2.36509e+17	8.50e-03	9.91e-01	4.32e-10
 2.44138e+17	9.43e-03	9.91e-01	3.99e-10
 2.52265e+17	1.06e-02	9.89e-01	3.77e-10
 2.59223e+17	1.17e-02	9.88e-01	3.64e-10
 2.65332e+17	1.29e-02	9.87e-01	3.56e-10
 2.72157e+17	1.45e-02	9.86e-01	3.50e-10
 2.79405e+17	1.65e-02	9.84e-01	3.45e-10
 2.85512e+17	1.86e-02	9.81e-01	3.44e-10
 2.90718e+17	2.08e-02	9.79e-01	3.43e-10
 2.96446e+17	2.37e-02	9.76e-01	3.43e-10
 3.02544e+17	2.77e-02	9.72e-01	3.44e-10
 3.07656e+17	3.21e-02	9.68e-01	3.46e-10
 3.11910e+17	3.67e-02	9.63e-01	3.49e-10
 3.15673e+17	4.18e-02	9.58e-01	3.52e-10
 3.19720e+17	4.89e-02	9.51e-01	3.55e-10
 3.24233e+17	5.97e-02	9.40e-01	3.58e-10
 3.28313e+17	7.36e-02	9.26e-01	3.63e-10
 3.31320e+17	8.81e-02	9.12e-01	3.69e-10
 3.33417e+17	1.01e-01	8.99e-01	3.76e-10
 3.35586e+17	1.18e-01	8.82e-01	3.80e-10
 3.37873e+17	1.42e-01	8.58e-01	3.87e-10
 3.39899e+17	1.72e-01	8.28e-01	3.92e-10
 3.41747e+17	2.08e-01	7.92e-01	3.94e-10
 3.43405e+17	2.53e-01	7.47e-01	3.95e-10
 3.44861e+17	3.03e-01	6.97e-01	3.97e-10
 3.46054e+17	3.57e-01	6.43e-01	3.90e-10
 3.47000e+17	4.09e-01	5.91e-01	3.79e-10
 3.47999e+17	4.72e-01	5.28e-01	3.65e-10
 3.49115e+17	5.52e-01	4.48e-01	3.31e-10
 3.50152e+17	6.32e-01	3.68e-01	2.94e-10
 3.51271e+17	7.19e-01	2.81e-01	2.49e-10
 3.52725e+17	8.17e-01	1.83e-01	1.80e-10
 3.54616e+17	9.05e-01	9.46e-02	1.02e-10
 3.56695e+17	9.57e-01	4.30e-02	5.11e-11
 3.58708e+17	9.79e-01	2.06e-02	2.64e-11
 3.60594e+17	9.89e-01	1.10e-02	1.52e-11
 3.62011e+17	9.93e-01	7.25e-03	1.11e-11
 3.62916e+17	9.94e-01	5.70e-03	9.54e-12
 3.63775e+17	9.95e-01	4.57e-03	8.33e-12
 3.64724e+17	9.96e-01	3.69e-03	7.46e-12
 3.65549e+17	9.97e-01	3.12e-03	7.17e-12
 3.66204e+17	9.97e-01	2.76e-03	7.21e-12
 3.66772e+17	9.98e-01	2.48e-03	7.49e-12
 3.67405e+17	9.98e-01	2.20e-03	7.99e-12
 3.68061e+17	9.98e-01	1.95e-03	8.90e-12
 3.68581e+17	9.98e-01	1.77e-03	1.00e-11
 3.68956e+17	9.98e-01	1.64e-03	1.11e-11
 3.69230e+17	9.98e-01	1.55e-03	1.22e-11
 3.69457e+17	9.99e-01	1.48e-03	1.32e-11
 3.69670e+17	9.99e-01	1.40e-03	1.42e-11
 3.69872e+17	9.99e-01	1.34e-03	1.55e-11
 3.70056e+17	9.99e-01	1.28e-03	1.68e-11
 3.70217e+17	9.99e-01	1.24e-03	1.82e-11
 3.70358e+17	9.99e-01	1.20e-03	1.94e-11
 3.70491e+17	9.99e-01	1.16e-03	2.09e-11
 3.70621e+17	9.99e-01	1.13e-03	2.24e-11
 3.70725e+17	9.99e-01	1.10e-03	2.36e-11
 3.70799e+17	9.99e-01	1.08e-03	2.46e-11
 3.70871e+17	9.99e-01	1.07e-03	2.57e-11
 3.70950e+17	9.99e-01	1.05e-03	2.69e-11
 3.71033e+17	9.99e-01	1.03e-03	2.82e-11
 3.71112e+17	9.99e-01	1.01e-03	2.97e-11
 3.71188e+17	9.99e-01	9.88e-04	3.10e-11
 3.71265e+17	9.99e-01	9.74e-04	3.27e-11
 3.71342e+17	9.99e-01	9.59e-04	3.43e-11
 3.71417e+17	9.99e-01	9.45e-04	3.61e-11
 3.71490e+17	9.99e-01	9.32e-04	3.79e-11
 3.71564e+17	9.99e-01	9.19e-04	3.98e-11
 3.71637e+17	9.99e-01	9.05e-04	4.18e-11
 3.71710e+17	9.99e-01	8.93e-04	4.41e-11
 3.71782e+17	9.99e-01	8.82e-04	4.63e-11
 3.71853e+17	9.99e-01	8.72e-04	4.87e-11
 3.71922e+17	9.99e-01	8.63e-04	5.13e-11
 3.71992e+17	9.99e-01	8.53e-04	5.40e-11
 3.72062e+17	9.99e-01	8.44e-04	5.69e-11
 3.72131e+17	9.99e-01	8.35e-04	5.98e-11
 3.72198e+17	9.99e-01	8.29e-04	6.29e-11
 3.72264e+17	9.99e-01	8.23e-04	6.62e-11
 3.72330e+17	9.99e-01	8.18e-04	6.97e-11
 3.72394e+17	9.99e-01	8.13e-04	7.34e-11
 3.72456e+17	9.99e-01	8.09e-04	7.72e-11
 3.72516e+17	9.99e-01	8.06e-04	8.10e-11
 3.72576e+17	9.99e-01	8.04e-04	8.51e-11
 3.72634e+17	9.99e-01	8.02e-04	8.94e-11
 3.72690e+17	9.99e-01	8.01e-04	9.37e-11
 3.72745e+17	9.99e-01	7.99e-04	9.80e-11
 3.72798e+17	9.99e-01	7.98e-04	1.02e-10
 3.72850e+17	9.99e-01	7.97e-04	1.07e-10
 3.72899e+17	9.99e-01	7.97e-04	1.11e-10
 3.72946e+17	9.99e-01	7.96e-04	1.15e-10
 3.72987e+17	9.99e-01	7.95e-04	1.19e-10
 3.73023e+17	9.99e-01	7.94e-04	1.22e-10
 3.73052e+17	9.99e-01	7.92e-04	1.24e-10
 3.73077e+17	9.99e-01	7.88e-04	1.26e-10
 3.73100e+17	9.99e-01	7.73e-04	1.26e-10
 3.73120e+17	9.99e-01	7.86e-04	1.29e-10
 3.73137e+17	9.99e-01	7.90e-04	1.31e-10
