#depth	He	He+	He+2
 5.37267e+08	1.50e-01	8.50e-01	4.16e-04
 3.22360e+09	1.50e-01	8.49e-01	4.15e-04
 1.39689e+10	1.50e-01	8.49e-01	4.14e-04
 5.69503e+10	1.51e-01	8.49e-01	4.12e-04
 1.36036e+11	1.50e-01	8.49e-01	4.12e-04
 2.38847e+11	1.50e-01	8.49e-01	4.10e-04
 3.72502e+11	1.51e-01	8.49e-01	4.06e-04
 5.46254e+11	1.52e-01	8.48e-01	4.00e-04
 7.72130e+11	1.54e-01	8.46e-01	3.91e-04
 1.06577e+12	1.56e-01	8.43e-01	3.78e-04
 1.44750e+12	1.60e-01	8.39e-01	3.61e-04
 1.94375e+12	1.66e-01	8.33e-01	3.37e-04
 2.58888e+12	1.76e-01	8.24e-01	3.05e-04
 3.42754e+12	1.91e-01	8.09e-01	2.66e-04
 4.40586e+12	2.13e-01	7.87e-01	2.25e-04
 5.39183e+12	2.41e-01	7.59e-01	1.87e-04
 6.27604e+12	2.73e-01	7.26e-01	1.56e-04
 7.01564e+12	3.08e-01	6.92e-01	1.32e-04
 7.64354e+12	3.44e-01	6.56e-01	1.13e-04
 8.19940e+12	3.82e-01	6.18e-01	9.80e-05
 8.71008e+12	4.22e-01	5.78e-01	8.47e-05
 9.18241e+12	4.63e-01	5.37e-01	7.34e-05
 9.61812e+12	5.05e-01	4.95e-01	6.36e-05
 1.00256e+13	5.47e-01	4.53e-01	5.54e-05
 1.04087e+13	5.88e-01	4.12e-01	4.83e-05
 1.07409e+13	6.25e-01	3.75e-01	4.29e-05
 1.09975e+13	6.53e-01	3.47e-01	3.91e-05
 1.11947e+13	6.73e-01	3.27e-01	3.66e-05
 1.13649e+13	6.91e-01	3.09e-01	3.45e-05
 1.15283e+13	7.08e-01	2.92e-01	3.25e-05
 1.16845e+13	7.23e-01	2.77e-01	3.09e-05
 1.18258e+13	7.37e-01	2.63e-01	2.96e-05
 1.19522e+13	7.48e-01	2.52e-01	2.85e-05
 1.20690e+13	7.58e-01	2.42e-01	2.76e-05
 1.21796e+13	7.68e-01	2.32e-01	2.67e-05
 1.22879e+13	7.76e-01	2.24e-01	2.61e-05
 1.23928e+13	7.85e-01	2.15e-01	2.53e-05
 1.24762e+13	7.91e-01	2.09e-01	2.49e-05
 1.25381e+13	7.95e-01	2.05e-01	2.46e-05
 1.25994e+13	7.99e-01	2.01e-01	2.43e-05
 1.26675e+13	8.04e-01	1.96e-01	2.39e-05
 1.27375e+13	8.09e-01	1.91e-01	2.37e-05
 1.28064e+13	8.13e-01	1.87e-01	2.34e-05
 1.28746e+13	8.18e-01	1.82e-01	2.31e-05
 1.29410e+13	8.22e-01	1.78e-01	2.28e-05
 1.30073e+13	8.25e-01	1.74e-01	2.26e-05
 1.30749e+13	8.29e-01	1.70e-01	2.24e-05
 1.31422e+13	8.33e-01	1.67e-01	2.22e-05
 1.32092e+13	8.37e-01	1.63e-01	2.20e-05
 1.32760e+13	8.40e-01	1.60e-01	2.19e-05
 1.33430e+13	8.44e-01	1.56e-01	2.18e-05
 1.34106e+13	8.47e-01	1.53e-01	2.16e-05
 1.34770e+13	8.50e-01	1.50e-01	2.15e-05
 1.35432e+13	8.53e-01	1.47e-01	2.14e-05
 1.36104e+13	8.56e-01	1.44e-01	2.13e-05
 1.36776e+13	8.59e-01	1.41e-01	2.13e-05
 1.37447e+13	8.62e-01	1.38e-01	2.12e-05
 1.38118e+13	8.64e-01	1.36e-01	2.11e-05
 1.38787e+13	8.67e-01	1.33e-01	2.11e-05
 1.39454e+13	8.69e-01	1.31e-01	2.10e-05
 1.40120e+13	8.72e-01	1.28e-01	2.10e-05
 1.40795e+13	8.74e-01	1.26e-01	2.10e-05
 1.41468e+13	8.76e-01	1.24e-01	2.10e-05
 1.42130e+13	8.79e-01	1.21e-01	2.10e-05
 1.42789e+13	8.81e-01	1.19e-01	2.10e-05
 1.43451e+13	8.83e-01	1.17e-01	2.10e-05
 1.44110e+13	8.85e-01	1.15e-01	2.10e-05
 1.44773e+13	8.87e-01	1.13e-01	2.10e-05
 1.45434e+13	8.89e-01	1.11e-01	2.10e-05
 1.46088e+13	8.90e-01	1.10e-01	2.11e-05
 1.46744e+13	8.92e-01	1.08e-01	2.10e-05
 1.47408e+13	8.94e-01	1.06e-01	2.11e-05
 1.48070e+13	8.96e-01	1.04e-01	2.11e-05
 1.48728e+13	8.97e-01	1.03e-01	2.11e-05
 1.49390e+13	8.99e-01	1.01e-01	2.11e-05
 1.50052e+13	9.01e-01	9.92e-02	2.11e-05
 1.50715e+13	9.02e-01	9.76e-02	2.12e-05
 1.51381e+13	9.04e-01	9.60e-02	2.12e-05
 1.52052e+13	9.05e-01	9.45e-02	2.12e-05
 1.52725e+13	9.07e-01	9.29e-02	2.11e-05
 1.53400e+13	9.09e-01	9.14e-02	2.12e-05
 1.54084e+13	9.10e-01	8.98e-02	2.11e-05
 1.54767e+13	9.12e-01	8.84e-02	2.12e-05
 1.55446e+13	9.13e-01	8.69e-02	2.11e-05
 1.56130e+13	9.15e-01	8.54e-02	2.11e-05
 1.56826e+13	9.16e-01	8.39e-02	2.10e-05
 1.57534e+13	9.17e-01	8.25e-02	2.10e-05
 1.58243e+13	9.19e-01	8.10e-02	2.09e-05
 1.58950e+13	9.20e-01	7.96e-02	2.09e-05
 1.59667e+13	9.22e-01	7.81e-02	2.08e-05
 1.60400e+13	9.23e-01	7.67e-02	2.07e-05
 1.61136e+13	9.25e-01	7.52e-02	2.06e-05
 1.61869e+13	9.26e-01	7.38e-02	2.05e-05
 1.62614e+13	9.28e-01	7.23e-02	2.03e-05
 1.63381e+13	9.29e-01	7.09e-02	2.02e-05
 1.64150e+13	9.31e-01	6.94e-02	2.00e-05
 1.64915e+13	9.32e-01	6.80e-02	1.99e-05
 1.65695e+13	9.33e-01	6.65e-02	1.96e-05
 1.66499e+13	9.35e-01	6.51e-02	1.95e-05
 1.67307e+13	9.36e-01	6.36e-02	1.92e-05
 1.68112e+13	9.38e-01	6.22e-02	1.90e-05
 1.68934e+13	9.39e-01	6.07e-02	1.87e-05
 1.69784e+13	9.41e-01	5.92e-02	1.85e-05
 1.70641e+13	9.42e-01	5.78e-02	1.82e-05
 1.71491e+13	9.44e-01	5.63e-02	1.79e-05
 1.72362e+13	9.45e-01	5.49e-02	1.75e-05
 1.73259e+13	9.47e-01	5.34e-02	1.72e-05
 1.74167e+13	9.48e-01	5.20e-02	1.69e-05
 1.75078e+13	9.49e-01	5.05e-02	1.65e-05
 1.76005e+13	9.51e-01	4.91e-02	1.61e-05
 1.76954e+13	9.52e-01	4.76e-02	1.57e-05
 1.77913e+13	9.54e-01	4.62e-02	1.53e-05
 1.78881e+13	9.55e-01	4.48e-02	1.49e-05
 1.79862e+13	9.57e-01	4.34e-02	1.45e-05
 1.80864e+13	9.58e-01	4.20e-02	1.41e-05
 1.81874e+13	9.59e-01	4.07e-02	1.37e-05
 1.82901e+13	9.61e-01	3.93e-02	1.32e-05
 1.83951e+13	9.62e-01	3.80e-02	1.28e-05
 1.85010e+13	9.63e-01	3.67e-02	1.24e-05
 1.86076e+13	9.65e-01	3.54e-02	1.19e-05
 1.87153e+13	9.66e-01	3.42e-02	1.15e-05
 1.88245e+13	9.67e-01	3.30e-02	1.11e-05
 1.89348e+13	9.68e-01	3.18e-02	1.07e-05
 1.90436e+13	9.69e-01	3.07e-02	1.03e-05
 1.91526e+13	9.70e-01	2.96e-02	9.89e-06
 1.92653e+13	9.71e-01	2.85e-02	9.50e-06
 1.93785e+13	9.72e-01	2.75e-02	9.11e-06
 1.94910e+13	9.73e-01	2.65e-02	8.74e-06
 1.96041e+13	9.74e-01	2.56e-02	8.38e-06
 1.97179e+13	9.75e-01	2.46e-02	8.03e-06
 1.98318e+13	9.76e-01	2.38e-02	7.69e-06
 1.99453e+13	9.77e-01	2.29e-02	7.36e-06
 2.00589e+13	9.78e-01	2.21e-02	7.02e-06
 2.01757e+13	9.79e-01	2.13e-02	6.73e-06
 2.02892e+13	9.79e-01	2.06e-02	6.45e-06
 2.03965e+13	9.80e-01	2.00e-02	6.18e-06
 2.05051e+13	9.81e-01	1.94e-02	5.93e-06
 2.06152e+13	9.81e-01	1.88e-02	5.68e-06
