#depth	He	He+	He+2
 7.79096e+09	1.73e-02	9.78e-01	4.76e-03
 4.67458e+10	1.73e-02	9.78e-01	4.75e-03
 2.02565e+11	1.73e-02	9.78e-01	4.75e-03
 8.25842e+11	1.73e-02	9.78e-01	4.73e-03
 1.97267e+12	1.73e-02	9.78e-01	4.75e-03
 3.46355e+12	1.73e-02	9.78e-01	4.76e-03
 5.40169e+12	1.72e-02	9.78e-01	4.74e-03
 7.92128e+12	1.72e-02	9.78e-01	4.69e-03
 1.11967e+13	1.72e-02	9.78e-01	4.59e-03
 1.54548e+13	1.72e-02	9.78e-01	4.45e-03
 2.09904e+13	1.72e-02	9.79e-01	4.22e-03
 2.81865e+13	1.73e-02	9.79e-01	3.91e-03
 3.75416e+13	1.74e-02	9.79e-01	3.49e-03
 4.97031e+13	1.75e-02	9.80e-01	2.97e-03
 6.55132e+13	1.77e-02	9.80e-01	2.37e-03
 8.60662e+13	1.80e-02	9.80e-01	1.74e-03
 1.12785e+14	1.85e-02	9.80e-01	1.15e-03
 1.47520e+14	1.92e-02	9.80e-01	6.68e-04
 1.92675e+14	2.02e-02	9.79e-01	3.29e-04
 2.51376e+14	2.19e-02	9.78e-01	1.34e-04
 2.98783e+14	2.31e-02	9.77e-01	6.46e-05
 3.28661e+14	2.43e-02	9.76e-01	4.18e-05
 3.61528e+14	2.58e-02	9.74e-01	2.62e-05
 3.97680e+14	2.77e-02	9.72e-01	1.59e-05
 4.37448e+14	3.02e-02	9.70e-01	9.38e-06
 4.81193e+14	3.36e-02	9.66e-01	5.36e-06
 5.29313e+14	3.84e-02	9.62e-01	2.98e-06
 5.74573e+14	4.42e-02	9.56e-01	1.78e-06
 6.10594e+14	5.01e-02	9.50e-01	1.20e-06
 6.41314e+14	5.67e-02	9.43e-01	8.64e-07
 6.75249e+14	6.61e-02	9.34e-01	5.99e-07
 7.10671e+14	7.94e-02	9.21e-01	4.19e-07
 7.40059e+14	9.50e-02	9.05e-01	3.13e-07
 7.64756e+14	1.12e-01	8.88e-01	2.42e-07
 7.86916e+14	1.33e-01	8.67e-01	1.92e-07
 8.07227e+14	1.60e-01	8.40e-01	1.55e-07
 8.25563e+14	1.92e-01	8.08e-01	1.26e-07
 8.41848e+14	2.31e-01	7.69e-01	1.04e-07
 8.56181e+14	2.76e-01	7.24e-01	8.61e-08
 8.69007e+14	3.29e-01	6.71e-01	7.11e-08
 8.80835e+14	3.90e-01	6.10e-01	5.79e-08
 8.91866e+14	4.58e-01	5.42e-01	4.62e-08
 9.02367e+14	5.34e-01	4.66e-01	3.59e-08
 9.12619e+14	6.15e-01	3.85e-01	2.68e-08
 9.22784e+14	6.98e-01	3.02e-01	1.91e-08
 9.34432e+14	7.84e-01	2.16e-01	1.21e-08
 9.47585e+14	8.62e-01	1.38e-01	6.85e-09
 9.60445e+14	9.15e-01	8.45e-02	3.76e-09
 9.71896e+14	9.46e-01	5.40e-02	2.20e-09
 9.81197e+14	9.62e-01	3.77e-02	1.43e-09
 9.89033e+14	9.72e-01	2.79e-02	1.00e-09
 9.96354e+14	9.79e-01	2.10e-02	7.18e-10
 1.00342e+15	9.84e-01	1.61e-02	5.27e-10
 1.00998e+15	9.87e-01	1.26e-02	4.00e-10
 1.01590e+15	9.90e-01	1.02e-02	3.15e-10
 1.02124e+15	9.92e-01	8.40e-03	2.57e-10
 1.02619e+15	9.93e-01	7.08e-03	2.15e-10
 1.03083e+15	9.94e-01	6.08e-03	1.85e-10
 1.03481e+15	9.95e-01	5.38e-03	1.66e-10
 1.03785e+15	9.95e-01	4.92e-03	1.54e-10
 1.04018e+15	9.95e-01	4.62e-03	1.47e-10
 1.04222e+15	9.96e-01	4.37e-03	1.42e-10
 1.04414e+15	9.96e-01	4.16e-03	1.38e-10
 1.04589e+15	9.96e-01	3.99e-03	1.35e-10
 1.04751e+15	9.96e-01	3.85e-03	1.33e-10
 1.04899e+15	9.96e-01	3.73e-03	1.32e-10
 1.05035e+15	9.96e-01	3.63e-03	1.32e-10
 1.05163e+15	9.96e-01	3.55e-03	1.32e-10
 1.05265e+15	9.97e-01	3.49e-03	1.33e-10
 1.05340e+15	9.97e-01	3.45e-03	1.33e-10
 1.05413e+15	9.97e-01	3.41e-03	1.34e-10
 1.05492e+15	9.97e-01	3.37e-03	1.34e-10
 1.05574e+15	9.97e-01	3.33e-03	1.36e-10
 1.05654e+15	9.97e-01	3.30e-03	1.37e-10
 1.05732e+15	9.97e-01	3.27e-03	1.39e-10
 1.05809e+15	9.97e-01	3.24e-03	1.40e-10
 1.05885e+15	9.97e-01	3.22e-03	1.43e-10
 1.05962e+15	9.97e-01	3.19e-03	1.45e-10
 1.06039e+15	9.97e-01	3.17e-03	1.47e-10
 1.06113e+15	9.97e-01	3.15e-03	1.50e-10
 1.06187e+15	9.97e-01	3.14e-03	1.53e-10
 1.06261e+15	9.97e-01	3.12e-03	1.56e-10
 1.06335e+15	9.97e-01	3.11e-03	1.59e-10
 1.06408e+15	9.97e-01	3.10e-03	1.63e-10
 1.06481e+15	9.97e-01	3.09e-03	1.67e-10
 1.06553e+15	9.97e-01	3.09e-03	1.71e-10
 1.06624e+15	9.97e-01	3.08e-03	1.75e-10
 1.06696e+15	9.97e-01	3.08e-03	1.79e-10
 1.06768e+15	9.97e-01	3.08e-03	1.85e-10
 1.06837e+15	9.97e-01	3.08e-03	1.89e-10
 1.06906e+15	9.97e-01	3.08e-03	1.95e-10
 1.06973e+15	9.97e-01	3.08e-03	2.00e-10
 1.07041e+15	9.97e-01	3.08e-03	2.06e-10
 1.07108e+15	9.97e-01	3.09e-03	2.12e-10
 1.07175e+15	9.97e-01	3.10e-03	2.19e-10
 1.07241e+15	9.97e-01	3.10e-03	2.25e-10
 1.07305e+15	9.97e-01	3.11e-03	2.32e-10
 1.07369e+15	9.97e-01	3.12e-03	2.39e-10
 1.07433e+15	9.97e-01	3.13e-03	2.47e-10
 1.07496e+15	9.97e-01	3.14e-03	2.55e-10
 1.07558e+15	9.97e-01	3.15e-03	2.62e-10
 1.07619e+15	9.97e-01	3.16e-03	2.71e-10
 1.07681e+15	9.97e-01	3.17e-03	2.79e-10
 1.07742e+15	9.97e-01	3.19e-03	2.88e-10
 1.07802e+15	9.97e-01	3.20e-03	2.98e-10
 1.07862e+15	9.97e-01	3.21e-03	3.07e-10
 1.07921e+15	9.97e-01	3.23e-03	3.17e-10
 1.07981e+15	9.97e-01	3.24e-03	3.27e-10
 1.08040e+15	9.97e-01	3.26e-03	3.38e-10
 1.08098e+15	9.97e-01	3.27e-03	3.48e-10
 1.08156e+15	9.97e-01	3.29e-03	3.60e-10
 1.08214e+15	9.97e-01	3.31e-03	3.72e-10
 1.08272e+15	9.97e-01	3.33e-03	3.84e-10
 1.08330e+15	9.97e-01	3.34e-03	3.96e-10
 1.08387e+15	9.97e-01	3.36e-03	4.09e-10
 1.08444e+15	9.97e-01	3.38e-03	4.21e-10
 1.08500e+15	9.97e-01	3.40e-03	4.36e-10
 1.08557e+15	9.97e-01	3.42e-03	4.50e-10
 1.08613e+15	9.97e-01	3.44e-03	4.64e-10
 1.08668e+15	9.97e-01	3.46e-03	4.77e-10
 1.08724e+15	9.97e-01	3.48e-03	4.93e-10
 1.08780e+15	9.97e-01	3.50e-03	5.09e-10
 1.08836e+15	9.96e-01	3.53e-03	5.26e-10
 1.08890e+15	9.96e-01	3.54e-03	5.41e-10
 1.08944e+15	9.96e-01	3.57e-03	5.58e-10
 1.08999e+15	9.96e-01	3.59e-03	5.75e-10
 1.09054e+15	9.96e-01	3.61e-03	5.93e-10
 1.09107e+15	9.96e-01	3.63e-03	6.11e-10
 1.09160e+15	9.96e-01	3.66e-03	6.29e-10
 1.09213e+15	9.96e-01	3.68e-03	6.47e-10
 1.09265e+15	9.96e-01	3.71e-03	6.66e-10
 1.09317e+15	9.96e-01	3.73e-03	6.85e-10
 1.09369e+15	9.96e-01	3.76e-03	7.05e-10
 1.09420e+15	9.96e-01	3.79e-03	7.25e-10
 1.09470e+15	9.96e-01	3.82e-03	7.45e-10
 1.09519e+15	9.96e-01	3.85e-03	7.64e-10
 1.09567e+15	9.96e-01	3.88e-03	7.85e-10
 1.09615e+15	9.96e-01	3.92e-03	8.05e-10
 1.09661e+15	9.96e-01	3.96e-03	8.25e-10
 1.09706e+15	9.96e-01	4.00e-03	8.44e-10
 1.09748e+15	9.96e-01	4.03e-03	8.61e-10
