#depth	O	O+	O+2	O+3	O+4	O+5	O+6	O+7	O+8	O[1]	O[2]	O[3]
 8.18814e+10	2.41e-05	7.21e-02	9.10e-01	1.81e-02	0.00e+00	0.00e+00	0.00e+00	0.00e+00	0.00e+00	1.66e-05	5.08e-06	2.40e-06
 4.91288e+11	2.41e-05	7.21e-02	9.10e-01	1.81e-02	2.05e-07	0.00e+00	0.00e+00	0.00e+00	0.00e+00	1.66e-05	5.08e-06	2.40e-06
 2.12892e+12	2.41e-05	7.21e-02	9.10e-01	1.81e-02	0.00e+00	0.00e+00	0.00e+00	0.00e+00	0.00e+00	1.66e-05	5.09e-06	2.40e-06
 8.67943e+12	2.42e-05	7.21e-02	9.10e-01	1.79e-02	0.00e+00	0.00e+00	0.00e+00	0.00e+00	0.00e+00	1.66e-05	5.09e-06	2.41e-06
 2.07324e+13	2.41e-05	7.21e-02	9.10e-01	1.76e-02	0.00e+00	0.00e+00	0.00e+00	0.00e+00	0.00e+00	1.66e-05	5.09e-06	2.41e-06
 3.64012e+13	2.42e-05	7.21e-02	9.11e-01	1.72e-02	0.00e+00	0.00e+00	0.00e+00	0.00e+00	0.00e+00	1.66e-05	5.09e-06	2.41e-06
 5.67707e+13	2.42e-05	7.21e-02	9.11e-01	1.67e-02	0.00e+00	0.00e+00	0.00e+00	0.00e+00	0.00e+00	1.67e-05	5.09e-06	2.41e-06
 8.32510e+13	2.42e-05	7.21e-02	9.12e-01	1.61e-02	0.00e+00	0.00e+00	0.00e+00	0.00e+00	0.00e+00	1.67e-05	5.09e-06	2.41e-06
 1.17675e+14	2.42e-05	7.21e-02	9.13e-01	1.54e-02	0.00e+00	0.00e+00	0.00e+00	0.00e+00	0.00e+00	1.67e-05	5.09e-06	2.41e-06
 1.62427e+14	2.42e-05	7.21e-02	9.13e-01	1.44e-02	0.00e+00	0.00e+00	0.00e+00	0.00e+00	0.00e+00	1.67e-05	5.10e-06	2.41e-06
 2.20604e+14	2.43e-05	7.21e-02	9.15e-01	1.33e-02	0.00e+00	0.00e+00	0.00e+00	0.00e+00	0.00e+00	1.67e-05	5.10e-06	2.42e-06
 2.96235e+14	2.43e-05	7.23e-02	9.16e-01	1.19e-02	0.00e+00	0.00e+00	0.00e+00	0.00e+00	0.00e+00	1.68e-05	5.12e-06	2.42e-06
 3.94554e+14	2.45e-05	7.25e-02	9.17e-01	1.03e-02	0.00e+00	0.00e+00	0.00e+00	0.00e+00	0.00e+00	1.69e-05	5.15e-06	2.44e-06
 5.22370e+14	2.47e-05	7.29e-02	9.19e-01	8.46e-03	0.00e+00	0.00e+00	0.00e+00	0.00e+00	0.00e+00	1.70e-05	5.19e-06	2.46e-06
 6.88530e+14	2.50e-05	7.36e-02	9.20e-01	6.55e-03	0.00e+00	0.00e+00	0.00e+00	0.00e+00	0.00e+00	1.73e-05	5.26e-06	2.49e-06
 9.04538e+14	2.56e-05	7.46e-02	9.21e-01	4.68e-03	0.00e+00	0.00e+00	0.00e+00	0.00e+00	0.00e+00	1.76e-05	5.37e-06	2.55e-06
 1.18535e+15	2.63e-05	7.61e-02	9.21e-01	3.01e-03	0.00e+00	0.00e+00	0.00e+00	0.00e+00	0.00e+00	1.81e-05	5.52e-06	2.62e-06
 1.55040e+15	2.73e-05	7.79e-02	9.20e-01	1.70e-03	0.00e+00	0.00e+00	0.00e+00	0.00e+00	0.00e+00	1.88e-05	5.73e-06	2.72e-06
 2.02497e+15	2.86e-05	8.03e-02	9.19e-01	8.18e-04	0.00e+00	0.00e+00	0.00e+00	0.00e+00	0.00e+00	1.98e-05	6.01e-06	2.85e-06
 2.64191e+15	3.04e-05	8.31e-02	9.16e-01	3.26e-04	0.00e+00	0.00e+00	0.00e+00	0.00e+00	0.00e+00	2.10e-05	6.38e-06	3.03e-06
 3.14015e+15	3.15e-05	8.52e-02	9.15e-01	1.59e-04	0.00e+00	0.00e+00	0.00e+00	0.00e+00	0.00e+00	2.17e-05	6.59e-06	3.13e-06
 3.45416e+15	3.24e-05	8.66e-02	9.13e-01	1.03e-04	0.00e+00	0.00e+00	0.00e+00	0.00e+00	0.00e+00	2.24e-05	6.79e-06	3.23e-06
 3.79958e+15	3.35e-05	8.81e-02	9.12e-01	6.53e-05	0.00e+00	0.00e+00	0.00e+00	0.00e+00	0.00e+00	2.31e-05	7.01e-06	3.33e-06
 4.17954e+15	3.47e-05	8.98e-02	9.10e-01	4.04e-05	0.00e+00	0.00e+00	0.00e+00	0.00e+00	0.00e+00	2.40e-05	7.25e-06	3.45e-06
 4.59749e+15	3.61e-05	9.17e-02	9.08e-01	2.47e-05	0.00e+00	0.00e+00	0.00e+00	0.00e+00	0.00e+00	2.49e-05	7.54e-06	3.59e-06
 5.05724e+15	3.77e-05	9.38e-02	9.06e-01	1.51e-05	0.00e+00	0.00e+00	0.00e+00	0.00e+00	0.00e+00	2.60e-05	7.87e-06	3.75e-06
 5.56296e+15	3.95e-05	9.62e-02	9.04e-01	9.41e-06	0.00e+00	0.00e+00	0.00e+00	0.00e+00	0.00e+00	2.73e-05	8.26e-06	3.93e-06
 6.11926e+15	4.17e-05	9.89e-02	9.01e-01	6.10e-06	0.00e+00	0.00e+00	0.00e+00	0.00e+00	0.00e+00	2.88e-05	8.70e-06	4.15e-06
 6.73119e+15	4.42e-05	1.02e-01	8.98e-01	4.22e-06	0.00e+00	0.00e+00	0.00e+00	0.00e+00	0.00e+00	3.06e-05	9.23e-06	4.40e-06
 7.40430e+15	4.72e-05	1.05e-01	8.95e-01	3.14e-06	0.00e+00	0.00e+00	0.00e+00	0.00e+00	0.00e+00	3.26e-05	9.84e-06	4.69e-06
 8.14473e+15	5.07e-05	1.09e-01	8.91e-01	2.51e-06	0.00e+00	0.00e+00	0.00e+00	0.00e+00	0.00e+00	3.51e-05	1.06e-05	5.05e-06
 8.95921e+15	5.50e-05	1.14e-01	8.86e-01	2.13e-06	0.00e+00	0.00e+00	0.00e+00	0.00e+00	0.00e+00	3.81e-05	1.15e-05	5.47e-06
 9.85513e+15	6.01e-05	1.19e-01	8.81e-01	1.86e-06	0.00e+00	0.00e+00	0.00e+00	0.00e+00	0.00e+00	4.16e-05	1.25e-05	5.98e-06
 1.08406e+16	6.64e-05	1.25e-01	8.75e-01	1.67e-06	0.00e+00	0.00e+00	0.00e+00	0.00e+00	0.00e+00	4.60e-05	1.38e-05	6.60e-06
 1.19247e+16	7.41e-05	1.32e-01	8.68e-01	1.50e-06	0.00e+00	0.00e+00	0.00e+00	0.00e+00	0.00e+00	5.13e-05	1.54e-05	7.37e-06
 1.31172e+16	8.37e-05	1.40e-01	8.60e-01	1.35e-06	0.00e+00	0.00e+00	0.00e+00	0.00e+00	0.00e+00	5.80e-05	1.74e-05	8.32e-06
 1.44289e+16	9.60e-05	1.49e-01	8.51e-01	1.21e-06	0.00e+00	0.00e+00	0.00e+00	0.00e+00	0.00e+00	6.65e-05	1.99e-05	9.54e-06
 1.58718e+16	1.12e-04	1.60e-01	8.40e-01	1.08e-06	0.00e+00	0.00e+00	0.00e+00	0.00e+00	0.00e+00	7.74e-05	2.32e-05	1.11e-05
 1.74590e+16	1.33e-04	1.74e-01	8.26e-01	9.45e-07	0.00e+00	0.00e+00	0.00e+00	0.00e+00	0.00e+00	9.20e-05	2.75e-05	1.32e-05
 1.90868e+16	1.59e-04	1.89e-01	8.11e-01	0.00e+00	0.00e+00	0.00e+00	0.00e+00	0.00e+00	0.00e+00	1.10e-04	3.28e-05	1.58e-05
 2.06087e+16	1.88e-04	2.05e-01	7.95e-01	0.00e+00	0.00e+00	0.00e+00	0.00e+00	0.00e+00	0.00e+00	1.31e-04	3.90e-05	1.87e-05
 2.20192e+16	2.22e-04	2.21e-01	7.79e-01	0.00e+00	0.00e+00	0.00e+00	0.00e+00	0.00e+00	0.00e+00	1.54e-04	4.60e-05	2.21e-05
 2.33730e+16	2.62e-04	2.39e-01	7.61e-01	0.00e+00	0.00e+00	0.00e+00	0.00e+00	0.00e+00	0.00e+00	1.82e-04	5.42e-05	2.61e-05
 2.46916e+16	3.11e-04	2.58e-01	7.42e-01	0.00e+00	0.00e+00	0.00e+00	0.00e+00	0.00e+00	0.00e+00	2.15e-04	6.42e-05	3.09e-05
 2.59597e+16	3.67e-04	2.78e-01	7.22e-01	0.00e+00	0.00e+00	0.00e+00	0.00e+00	0.00e+00	0.00e+00	2.55e-04	7.59e-05	3.65e-05
 2.71620e+16	4.34e-04	2.99e-01	7.00e-01	0.00e+00	0.00e+00	0.00e+00	0.00e+00	0.00e+00	0.00e+00	3.01e-04	8.97e-05	4.31e-05
 2.82990e+16	5.13e-04	3.22e-01	6.77e-01	0.00e+00	0.00e+00	0.00e+00	0.00e+00	0.00e+00	0.00e+00	3.56e-04	1.06e-04	5.09e-05
 2.93772e+16	6.04e-04	3.47e-01	6.53e-01	0.00e+00	0.00e+00	0.00e+00	0.00e+00	0.00e+00	0.00e+00	4.19e-04	1.25e-04	6.01e-05
 3.04014e+16	7.13e-04	3.72e-01	6.27e-01	0.00e+00	0.00e+00	0.00e+00	0.00e+00	0.00e+00	0.00e+00	4.94e-04	1.47e-04	7.08e-05
 3.13735e+16	8.40e-04	4.00e-01	5.99e-01	0.00e+00	0.00e+00	0.00e+00	0.00e+00	0.00e+00	0.00e+00	5.82e-04	1.74e-04	8.34e-05
 3.22981e+16	9.91e-04	4.29e-01	5.70e-01	0.00e+00	0.00e+00	0.00e+00	0.00e+00	0.00e+00	0.00e+00	6.87e-04	2.05e-04	9.85e-05
 3.31738e+16	1.17e-03	4.61e-01	5.38e-01	0.00e+00	0.00e+00	0.00e+00	0.00e+00	0.00e+00	0.00e+00	8.11e-04	2.42e-04	1.16e-04
 3.39959e+16	1.38e-03	4.93e-01	5.05e-01	0.00e+00	0.00e+00	0.00e+00	0.00e+00	0.00e+00	0.00e+00	9.56e-04	2.85e-04	1.37e-04
 3.47692e+16	1.62e-03	5.28e-01	4.71e-01	0.00e+00	0.00e+00	0.00e+00	0.00e+00	0.00e+00	0.00e+00	1.13e-03	3.36e-04	1.61e-04
 3.55011e+16	1.91e-03	5.64e-01	4.34e-01	0.00e+00	0.00e+00	0.00e+00	0.00e+00	0.00e+00	0.00e+00	1.32e-03	3.96e-04	1.90e-04
 3.61950e+16	2.26e-03	6.01e-01	3.96e-01	0.00e+00	0.00e+00	0.00e+00	0.00e+00	0.00e+00	0.00e+00	1.56e-03	4.67e-04	2.24e-04
 3.68478e+16	2.65e-03	6.40e-01	3.57e-01	0.00e+00	0.00e+00	0.00e+00	0.00e+00	0.00e+00	0.00e+00	1.84e-03	5.49e-04	2.63e-04
 3.74614e+16	3.11e-03	6.80e-01	3.17e-01	0.00e+00	0.00e+00	0.00e+00	0.00e+00	0.00e+00	0.00e+00	2.16e-03	6.44e-04	3.09e-04
 3.80489e+16	3.67e-03	7.20e-01	2.76e-01	0.00e+00	0.00e+00	0.00e+00	0.00e+00	0.00e+00	0.00e+00	2.54e-03	7.59e-04	3.64e-04
 3.86061e+16	4.31e-03	7.62e-01	2.34e-01	0.00e+00	0.00e+00	0.00e+00	0.00e+00	0.00e+00	0.00e+00	2.99e-03	8.92e-04	4.28e-04
 3.90510e+16	4.93e-03	7.96e-01	1.99e-01	0.00e+00	0.00e+00	0.00e+00	0.00e+00	0.00e+00	0.00e+00	3.42e-03	1.02e-03	4.90e-04
 3.93510e+16	5.44e-03	8.21e-01	1.74e-01	0.00e+00	0.00e+00	0.00e+00	0.00e+00	0.00e+00	0.00e+00	3.77e-03	1.13e-03	5.40e-04
 3.95915e+16	5.89e-03	8.40e-01	1.54e-01	0.00e+00	0.00e+00	0.00e+00	0.00e+00	0.00e+00	0.00e+00	4.08e-03	1.22e-03	5.84e-04
 3.98606e+16	6.43e-03	8.62e-01	1.31e-01	0.00e+00	0.00e+00	0.00e+00	0.00e+00	0.00e+00	0.00e+00	4.46e-03	1.33e-03	6.38e-04
 4.01402e+16	7.08e-03	8.85e-01	1.08e-01	0.00e+00	0.00e+00	0.00e+00	0.00e+00	0.00e+00	0.00e+00	4.91e-03	1.47e-03	7.03e-04
 4.03572e+16	7.68e-03	9.03e-01	8.98e-02	0.00e+00	0.00e+00	0.00e+00	0.00e+00	0.00e+00	0.00e+00	5.33e-03	1.59e-03	7.62e-04
 4.05200e+16	8.18e-03	9.16e-01	7.62e-02	0.00e+00	0.00e+00	0.00e+00	0.00e+00	0.00e+00	0.00e+00	5.67e-03	1.69e-03	8.11e-04
 4.06635e+16	8.64e-03	9.27e-01	6.47e-02	0.00e+00	0.00e+00	0.00e+00	0.00e+00	0.00e+00	0.00e+00	5.99e-03	1.79e-03	8.57e-04
 4.08250e+16	9.10e-03	9.38e-01	5.25e-02	0.00e+00	0.00e+00	0.00e+00	0.00e+00	0.00e+00	0.00e+00	6.32e-03	1.88e-03	9.03e-04
 4.09927e+16	9.63e-03	9.50e-01	4.07e-02	0.00e+00	0.00e+00	0.00e+00	0.00e+00	0.00e+00	0.00e+00	6.68e-03	1.99e-03	9.55e-04
 4.11241e+16	1.01e-02	9.58e-01	3.20e-02	0.00e+00	0.00e+00	0.00e+00	0.00e+00	0.00e+00	0.00e+00	7.00e-03	2.09e-03	1.00e-03
 4.12248e+16	1.04e-02	9.64e-01	2.60e-02	0.00e+00	0.00e+00	0.00e+00	0.00e+00	0.00e+00	0.00e+00	7.24e-03	2.16e-03	1.03e-03
 4.13299e+16	1.08e-02	9.69e-01	2.03e-02	0.00e+00	0.00e+00	0.00e+00	0.00e+00	0.00e+00	0.00e+00	7.52e-03	2.24e-03	1.08e-03
 4.14474e+16	1.13e-02	9.74e-01	1.49e-02	0.00e+00	0.00e+00	0.00e+00	0.00e+00	0.00e+00	0.00e+00	7.84e-03	2.34e-03	1.12e-03
 4.15568e+16	1.17e-02	9.77e-01	1.09e-02	0.00e+00	0.00e+00	0.00e+00	0.00e+00	0.00e+00	0.00e+00	8.12e-03	2.42e-03	1.16e-03
 4.16749e+16	1.22e-02	9.80e-01	7.47e-03	0.00e+00	0.00e+00	0.00e+00	0.00e+00	0.00e+00	0.00e+00	8.47e-03	2.52e-03	1.21e-03
 4.18284e+16	1.29e-02	9.83e-01	4.44e-03	0.00e+00	0.00e+00	0.00e+00	0.00e+00	0.00e+00	0.00e+00	8.93e-03	2.66e-03	1.28e-03
 4.20010e+16	1.37e-02	9.84e-01	2.40e-03	0.00e+00	0.00e+00	0.00e+00	0.00e+00	0.00e+00	0.00e+00	9.48e-03	2.82e-03	1.35e-03
 4.21983e+16	1.47e-02	9.84e-01	1.17e-03	0.00e+00	0.00e+00	0.00e+00	0.00e+00	0.00e+00	0.00e+00	1.02e-02	3.03e-03	1.45e-03
 4.24547e+16	1.61e-02	9.83e-01	4.68e-04	0.00e+00	0.00e+00	0.00e+00	0.00e+00	0.00e+00	0.00e+00	1.12e-02	3.34e-03	1.60e-03
 4.27882e+16	1.85e-02	9.81e-01	1.47e-04	0.00e+00	0.00e+00	0.00e+00	0.00e+00	0.00e+00	0.00e+00	1.29e-02	3.83e-03	1.84e-03
 4.32216e+16	2.27e-02	9.77e-01	3.50e-05	0.00e+00	0.00e+00	0.00e+00	0.00e+00	0.00e+00	0.00e+00	1.57e-02	4.68e-03	2.25e-03
 4.36387e+16	2.85e-02	9.72e-01	8.83e-06	0.00e+00	0.00e+00	0.00e+00	0.00e+00	0.00e+00	0.00e+00	1.98e-02	5.87e-03	2.82e-03
 4.39343e+16	3.46e-02	9.65e-01	3.44e-06	0.00e+00	0.00e+00	0.00e+00	0.00e+00	0.00e+00	0.00e+00	2.41e-02	7.13e-03	3.43e-03
 4.41726e+16	4.13e-02	9.59e-01	1.61e-06	0.00e+00	0.00e+00	0.00e+00	0.00e+00	0.00e+00	0.00e+00	2.87e-02	8.49e-03	4.08e-03
 4.43776e+16	4.90e-02	9.51e-01	8.32e-07	0.00e+00	0.00e+00	0.00e+00	0.00e+00	0.00e+00	0.00e+00	3.41e-02	1.01e-02	4.85e-03
 4.45406e+16	5.72e-02	9.43e-01	0.00e+00	0.00e+00	0.00e+00	0.00e+00	0.00e+00	0.00e+00	0.00e+00	3.98e-02	1.17e-02	5.65e-03
 4.46792e+16	6.62e-02	9.34e-01	0.00e+00	0.00e+00	0.00e+00	0.00e+00	0.00e+00	0.00e+00	0.00e+00	4.62e-02	1.35e-02	6.53e-03
 4.48075e+16	7.72e-02	9.23e-01	0.00e+00	0.00e+00	0.00e+00	0.00e+00	0.00e+00	0.00e+00	0.00e+00	5.38e-02	1.57e-02	7.60e-03
 4.49267e+16	9.02e-02	9.10e-01	0.00e+00	0.00e+00	0.00e+00	0.00e+00	0.00e+00	0.00e+00	0.00e+00	6.30e-02	1.83e-02	8.88e-03
 4.50333e+16	1.05e-01	8.95e-01	0.00e+00	0.00e+00	0.00e+00	0.00e+00	0.00e+00	0.00e+00	0.00e+00	7.35e-02	2.12e-02	1.03e-02
 4.51282e+16	1.22e-01	8.78e-01	0.00e+00	0.00e+00	0.00e+00	0.00e+00	0.00e+00	0.00e+00	0.00e+00	8.57e-02	2.46e-02	1.20e-02
 4.52138e+16	1.42e-01	8.58e-01	0.00e+00	0.00e+00	0.00e+00	0.00e+00	0.00e+00	0.00e+00	0.00e+00	9.99e-02	2.84e-02	1.39e-02
 4.52908e+16	1.65e-01	8.35e-01	0.00e+00	0.00e+00	0.00e+00	0.00e+00	0.00e+00	0.00e+00	0.00e+00	1.16e-01	3.27e-02	1.61e-02
 4.53606e+16	1.91e-01	8.09e-01	0.00e+00	0.00e+00	0.00e+00	0.00e+00	0.00e+00	0.00e+00	0.00e+00	1.35e-01	3.75e-02	1.86e-02
 4.54242e+16	2.21e-01	7.79e-01	0.00e+00	0.00e+00	0.00e+00	0.00e+00	0.00e+00	0.00e+00	0.00e+00	1.56e-01	4.28e-02	2.14e-02
 4.54834e+16	2.55e-01	7.45e-01	0.00e+00	0.00e+00	0.00e+00	0.00e+00	0.00e+00	0.00e+00	0.00e+00	1.81e-01	4.87e-02	2.46e-02
 4.55389e+16	2.94e-01	7.06e-01	0.00e+00	0.00e+00	0.00e+00	0.00e+00	0.00e+00	0.00e+00	0.00e+00	2.10e-01	5.52e-02	2.81e-02
 4.55884e+16	3.36e-01	6.64e-01	0.00e+00	0.00e+00	0.00e+00	0.00e+00	0.00e+00	0.00e+00	0.00e+00	2.42e-01	6.19e-02	3.19e-02
 4.56284e+16	3.75e-01	6.25e-01	0.00e+00	0.00e+00	0.00e+00	0.00e+00	0.00e+00	0.00e+00	0.00e+00	2.72e-01	6.77e-02	3.53e-02
 4.56583e+16	4.07e-01	5.93e-01	0.00e+00	0.00e+00	0.00e+00	0.00e+00	0.00e+00	0.00e+00	0.00e+00	2.97e-01	7.23e-02	3.81e-02
 4.56820e+16	4.35e-01	5.65e-01	0.00e+00	0.00e+00	0.00e+00	0.00e+00	0.00e+00	0.00e+00	0.00e+00	3.18e-01	7.59e-02	4.04e-02
 4.57031e+16	4.61e-01	5.39e-01	0.00e+00	0.00e+00	0.00e+00	0.00e+00	0.00e+00	0.00e+00	0.00e+00	3.39e-01	7.92e-02	4.25e-02
 4.57230e+16	4.87e-01	5.13e-01	0.00e+00	0.00e+00	0.00e+00	0.00e+00	0.00e+00	0.00e+00	0.00e+00	3.60e-01	8.22e-02	4.46e-02
 4.57413e+16	5.11e-01	4.89e-01	0.00e+00	0.00e+00	0.00e+00	0.00e+00	0.00e+00	0.00e+00	0.00e+00	3.80e-01	8.49e-02	4.64e-02
 4.57578e+16	5.35e-01	4.65e-01	0.00e+00	0.00e+00	0.00e+00	0.00e+00	0.00e+00	0.00e+00	0.00e+00	3.99e-01	8.72e-02	4.82e-02
 4.57730e+16	5.56e-01	4.44e-01	0.00e+00	0.00e+00	0.00e+00	0.00e+00	0.00e+00	0.00e+00	0.00e+00	4.17e-01	8.92e-02	4.96e-02
 4.57871e+16	5.76e-01	4.24e-01	0.00e+00	0.00e+00	0.00e+00	0.00e+00	0.00e+00	0.00e+00	0.00e+00	4.34e-01	9.09e-02	5.10e-02
 4.58003e+16	5.95e-01	4.05e-01	0.00e+00	0.00e+00	0.00e+00	0.00e+00	0.00e+00	0.00e+00	0.00e+00	4.50e-01	9.23e-02	5.22e-02
 4.58112e+16	6.10e-01	3.90e-01	0.00e+00	0.00e+00	0.00e+00	0.00e+00	0.00e+00	0.00e+00	0.00e+00	4.64e-01	9.33e-02	5.32e-02
 4.58192e+16	6.21e-01	3.79e-01	0.00e+00	0.00e+00	0.00e+00	0.00e+00	0.00e+00	0.00e+00	0.00e+00	4.73e-01	9.40e-02	5.39e-02
 4.58266e+16	6.32e-01	3.68e-01	0.00e+00	0.00e+00	0.00e+00	0.00e+00	0.00e+00	0.00e+00	0.00e+00	4.83e-01	9.46e-02	5.45e-02
 4.58347e+16	6.44e-01	3.56e-01	0.00e+00	0.00e+00	0.00e+00	0.00e+00	0.00e+00	0.00e+00	0.00e+00	4.94e-01	9.52e-02	5.51e-02
 4.58431e+16	6.57e-01	3.43e-01	0.00e+00	0.00e+00	0.00e+00	0.00e+00	0.00e+00	0.00e+00	0.00e+00	5.05e-01	9.57e-02	5.58e-02
 4.58514e+16	6.68e-01	3.32e-01	0.00e+00	0.00e+00	0.00e+00	0.00e+00	0.00e+00	0.00e+00	0.00e+00	5.16e-01	9.62e-02	5.64e-02
 4.58594e+16	6.80e-01	3.20e-01	0.00e+00	0.00e+00	0.00e+00	0.00e+00	0.00e+00	0.00e+00	0.00e+00	5.26e-01	9.65e-02	5.69e-02
 4.58673e+16	6.91e-01	3.09e-01	0.00e+00	0.00e+00	0.00e+00	0.00e+00	0.00e+00	0.00e+00	0.00e+00	5.37e-01	9.68e-02	5.74e-02
 4.58751e+16	7.02e-01	2.98e-01	0.00e+00	0.00e+00	0.00e+00	0.00e+00	0.00e+00	0.00e+00	0.00e+00	5.47e-01	9.69e-02	5.78e-02
 4.58830e+16	7.13e-01	2.87e-01	0.00e+00	0.00e+00	0.00e+00	0.00e+00	0.00e+00	0.00e+00	0.00e+00	5.57e-01	9.70e-02	5.82e-02
 4.58907e+16	7.23e-01	2.77e-01	0.00e+00	0.00e+00	0.00e+00	0.00e+00	0.00e+00	0.00e+00	0.00e+00	5.68e-01	9.71e-02	5.86e-02
 4.58984e+16	7.33e-01	2.67e-01	0.00e+00	0.00e+00	0.00e+00	0.00e+00	0.00e+00	0.00e+00	0.00e+00	5.77e-01	9.70e-02	5.89e-02
 4.59059e+16	7.43e-01	2.57e-01	0.00e+00	0.00e+00	0.00e+00	0.00e+00	0.00e+00	0.00e+00	0.00e+00	5.87e-01	9.69e-02	5.92e-02
 4.59134e+16	7.53e-01	2.47e-01	0.00e+00	0.00e+00	0.00e+00	0.00e+00	0.00e+00	0.00e+00	0.00e+00	5.97e-01	9.67e-02	5.94e-02
 4.59209e+16	7.63e-01	2.37e-01	0.00e+00	0.00e+00	0.00e+00	0.00e+00	0.00e+00	0.00e+00	0.00e+00	6.07e-01	9.65e-02	5.96e-02
 4.59284e+16	7.72e-01	2.28e-01	0.00e+00	0.00e+00	0.00e+00	0.00e+00	0.00e+00	0.00e+00	0.00e+00	6.17e-01	9.61e-02	5.96e-02
 4.59357e+16	7.81e-01	2.19e-01	0.00e+00	0.00e+00	0.00e+00	0.00e+00	0.00e+00	0.00e+00	0.00e+00	6.26e-01	9.57e-02	5.96e-02
 4.59430e+16	7.90e-01	2.10e-01	0.00e+00	0.00e+00	0.00e+00	0.00e+00	0.00e+00	0.00e+00	0.00e+00	6.35e-01	9.52e-02	5.96e-02
 4.59503e+16	7.98e-01	2.02e-01	0.00e+00	0.00e+00	0.00e+00	0.00e+00	0.00e+00	0.00e+00	0.00e+00	6.44e-01	9.47e-02	5.95e-02
 4.59575e+16	8.07e-01	1.93e-01	0.00e+00	0.00e+00	0.00e+00	0.00e+00	0.00e+00	0.00e+00	0.00e+00	6.53e-01	9.41e-02	5.94e-02
 4.59645e+16	8.14e-01	1.86e-01	0.00e+00	0.00e+00	0.00e+00	0.00e+00	0.00e+00	0.00e+00	0.00e+00	6.62e-01	9.35e-02	5.92e-02
 4.59716e+16	8.22e-01	1.78e-01	0.00e+00	0.00e+00	0.00e+00	0.00e+00	0.00e+00	0.00e+00	0.00e+00	6.70e-01	9.28e-02	5.90e-02
 4.59786e+16	8.29e-01	1.71e-01	0.00e+00	0.00e+00	0.00e+00	0.00e+00	0.00e+00	0.00e+00	0.00e+00	6.78e-01	9.21e-02	5.88e-02
 4.59855e+16	8.36e-01	1.64e-01	0.00e+00	0.00e+00	0.00e+00	0.00e+00	0.00e+00	0.00e+00	0.00e+00	6.87e-01	9.14e-02	5.85e-02
 4.59922e+16	8.43e-01	1.57e-01	0.00e+00	0.00e+00	0.00e+00	0.00e+00	0.00e+00	0.00e+00	0.00e+00	6.94e-01	9.07e-02	5.83e-02
 4.59987e+16	8.50e-01	1.50e-01	0.00e+00	0.00e+00	0.00e+00	0.00e+00	0.00e+00	0.00e+00	0.00e+00	7.02e-01	8.99e-02	5.79e-02
 4.60052e+16	8.56e-01	1.44e-01	0.00e+00	0.00e+00	0.00e+00	0.00e+00	0.00e+00	0.00e+00	0.00e+00	7.09e-01	8.92e-02	5.76e-02
 4.60117e+16	8.62e-01	1.38e-01	0.00e+00	0.00e+00	0.00e+00	0.00e+00	0.00e+00	0.00e+00	0.00e+00	7.16e-01	8.84e-02	5.73e-02
 4.60181e+16	8.67e-01	1.33e-01	0.00e+00	0.00e+00	0.00e+00	0.00e+00	0.00e+00	0.00e+00	0.00e+00	7.23e-01	8.76e-02	5.69e-02
 4.60243e+16	8.73e-01	1.27e-01	0.00e+00	0.00e+00	0.00e+00	0.00e+00	0.00e+00	0.00e+00	0.00e+00	7.29e-01	8.68e-02	5.65e-02
 4.60304e+16	8.78e-01	1.22e-01	0.00e+00	0.00e+00	0.00e+00	0.00e+00	0.00e+00	0.00e+00	0.00e+00	7.36e-01	8.60e-02	5.61e-02
 4.60364e+16	8.83e-01	1.17e-01	0.00e+00	0.00e+00	0.00e+00	0.00e+00	0.00e+00	0.00e+00	0.00e+00	7.42e-01	8.52e-02	5.58e-02
 4.60425e+16	8.88e-01	1.12e-01	0.00e+00	0.00e+00	0.00e+00	0.00e+00	0.00e+00	0.00e+00	0.00e+00	7.48e-01	8.44e-02	5.53e-02
 4.60485e+16	8.92e-01	1.08e-01	0.00e+00	0.00e+00	0.00e+00	0.00e+00	0.00e+00	0.00e+00	0.00e+00	7.54e-01	8.36e-02	5.49e-02
 4.60544e+16	8.97e-01	1.03e-01	0.00e+00	0.00e+00	0.00e+00	0.00e+00	0.00e+00	0.00e+00	0.00e+00	7.59e-01	8.28e-02	5.45e-02
 4.60602e+16	9.01e-01	9.91e-02	0.00e+00	0.00e+00	0.00e+00	0.00e+00	0.00e+00	0.00e+00	0.00e+00	7.65e-01	8.20e-02	5.40e-02
 4.60659e+16	9.05e-01	9.50e-02	0.00e+00	0.00e+00	0.00e+00	0.00e+00	0.00e+00	0.00e+00	0.00e+00	7.70e-01	8.12e-02	5.36e-02
 4.60715e+16	9.09e-01	9.12e-02	0.00e+00	0.00e+00	0.00e+00	0.00e+00	0.00e+00	0.00e+00	0.00e+00	7.75e-01	8.04e-02	5.31e-02
 4.60770e+16	9.13e-01	8.75e-02	0.00e+00	0.00e+00	0.00e+00	0.00e+00	0.00e+00	0.00e+00	0.00e+00	7.80e-01	7.96e-02	5.27e-02
 4.60824e+16	9.16e-01	8.39e-02	0.00e+00	0.00e+00	0.00e+00	0.00e+00	0.00e+00	0.00e+00	0.00e+00	7.85e-01	7.88e-02	5.22e-02
 4.60878e+16	9.20e-01	8.04e-02	0.00e+00	0.00e+00	0.00e+00	0.00e+00	0.00e+00	0.00e+00	0.00e+00	7.90e-01	7.81e-02	5.17e-02
 4.60931e+16	9.23e-01	7.71e-02	0.00e+00	0.00e+00	0.00e+00	0.00e+00	0.00e+00	0.00e+00	0.00e+00	7.94e-01	7.73e-02	5.13e-02
 4.60983e+16	9.26e-01	7.40e-02	0.00e+00	0.00e+00	0.00e+00	0.00e+00	0.00e+00	0.00e+00	0.00e+00	7.99e-01	7.65e-02	5.08e-02
 4.61034e+16	9.29e-01	7.09e-02	0.00e+00	0.00e+00	0.00e+00	0.00e+00	0.00e+00	0.00e+00	0.00e+00	8.03e-01	7.58e-02	5.03e-02
 4.61083e+16	9.32e-01	6.80e-02	0.00e+00	0.00e+00	0.00e+00	0.00e+00	0.00e+00	0.00e+00	0.00e+00	8.07e-01	7.50e-02	4.98e-02
 4.61132e+16	9.35e-01	6.51e-02	0.00e+00	0.00e+00	0.00e+00	0.00e+00	0.00e+00	0.00e+00	0.00e+00	8.11e-01	7.42e-02	4.93e-02
 4.61179e+16	9.38e-01	6.24e-02	0.00e+00	0.00e+00	0.00e+00	0.00e+00	0.00e+00	0.00e+00	0.00e+00	8.15e-01	7.34e-02	4.88e-02
 4.61224e+16	9.40e-01	5.97e-02	0.00e+00	0.00e+00	0.00e+00	0.00e+00	0.00e+00	0.00e+00	0.00e+00	8.19e-01	7.25e-02	4.83e-02
 4.61266e+16	9.43e-01	5.73e-02	0.00e+00	0.00e+00	0.00e+00	0.00e+00	0.00e+00	0.00e+00	0.00e+00	8.23e-01	7.17e-02	4.77e-02
 4.61304e+16	9.45e-01	5.51e-02	0.00e+00	0.00e+00	0.00e+00	0.00e+00	0.00e+00	0.00e+00	0.00e+00	8.27e-01	7.10e-02	4.72e-02
 4.61335e+16	9.47e-01	5.32e-02	0.00e+00	0.00e+00	0.00e+00	0.00e+00	0.00e+00	0.00e+00	0.00e+00	8.30e-01	7.03e-02	4.68e-02
 4.61362e+16	9.48e-01	5.16e-02	0.00e+00	0.00e+00	0.00e+00	0.00e+00	0.00e+00	0.00e+00	0.00e+00	8.32e-01	6.97e-02	4.64e-02
 4.61387e+16	9.50e-01	5.00e-02	0.00e+00	0.00e+00	0.00e+00	0.00e+00	0.00e+00	0.00e+00	0.00e+00	8.35e-01	6.91e-02	4.59e-02
