#depth	O	O+	O+2	O+3	O+4	O+5	O+6	O+7	O+8	O[1]	O[2]	O[3]
 8.15402e+10	2.75e-05	7.71e-02	9.05e-01	1.75e-02	0.00e+00	0.00e+00	0.00e+00	0.00e+00	0.00e+00	1.91e-05	5.71e-06	2.74e-06
 4.89241e+11	2.75e-05	7.71e-02	9.05e-01	1.74e-02	1.86e-07	0.00e+00	0.00e+00	0.00e+00	0.00e+00	1.91e-05	5.71e-06	2.74e-06
 2.12004e+12	2.76e-05	7.71e-02	9.05e-01	1.74e-02	0.00e+00	0.00e+00	0.00e+00	0.00e+00	0.00e+00	1.91e-05	5.72e-06	2.74e-06
 8.64326e+12	2.76e-05	7.72e-02	9.06e-01	1.72e-02	0.00e+00	0.00e+00	0.00e+00	0.00e+00	0.00e+00	1.91e-05	5.72e-06	2.74e-06
 2.06460e+13	2.76e-05	7.71e-02	9.06e-01	1.69e-02	0.00e+00	0.00e+00	0.00e+00	0.00e+00	0.00e+00	1.91e-05	5.72e-06	2.74e-06
 3.62495e+13	2.76e-05	7.71e-02	9.06e-01	1.65e-02	0.00e+00	0.00e+00	0.00e+00	0.00e+00	0.00e+00	1.91e-05	5.72e-06	2.74e-06
 5.65341e+13	2.76e-05	7.71e-02	9.07e-01	1.61e-02	0.00e+00	0.00e+00	0.00e+00	0.00e+00	0.00e+00	1.91e-05	5.72e-06	2.74e-06
 8.29040e+13	2.76e-05	7.71e-02	9.07e-01	1.55e-02	0.00e+00	0.00e+00	0.00e+00	0.00e+00	0.00e+00	1.91e-05	5.72e-06	2.74e-06
 1.17185e+14	2.76e-05	7.71e-02	9.08e-01	1.47e-02	0.00e+00	0.00e+00	0.00e+00	0.00e+00	0.00e+00	1.91e-05	5.72e-06	2.75e-06
 1.61750e+14	2.76e-05	7.71e-02	9.09e-01	1.38e-02	0.00e+00	0.00e+00	0.00e+00	0.00e+00	0.00e+00	1.92e-05	5.72e-06	2.75e-06
 2.19685e+14	2.77e-05	7.72e-02	9.10e-01	1.27e-02	0.00e+00	0.00e+00	0.00e+00	0.00e+00	0.00e+00	1.92e-05	5.73e-06	2.75e-06
 2.95000e+14	2.78e-05	7.73e-02	9.11e-01	1.14e-02	0.00e+00	0.00e+00	0.00e+00	0.00e+00	0.00e+00	1.93e-05	5.75e-06	2.76e-06
 3.92910e+14	2.79e-05	7.76e-02	9.13e-01	9.79e-03	0.00e+00	0.00e+00	0.00e+00	0.00e+00	0.00e+00	1.94e-05	5.78e-06	2.78e-06
 5.20193e+14	2.82e-05	7.81e-02	9.14e-01	8.05e-03	0.00e+00	0.00e+00	0.00e+00	0.00e+00	0.00e+00	1.95e-05	5.84e-06	2.80e-06
 6.85660e+14	2.86e-05	7.88e-02	9.15e-01	6.22e-03	0.00e+00	0.00e+00	0.00e+00	0.00e+00	0.00e+00	1.98e-05	5.92e-06	2.84e-06
 9.00768e+14	2.92e-05	7.99e-02	9.16e-01	4.43e-03	0.00e+00	0.00e+00	0.00e+00	0.00e+00	0.00e+00	2.03e-05	6.04e-06	2.90e-06
 1.18041e+15	3.01e-05	8.15e-02	9.16e-01	2.84e-03	0.00e+00	0.00e+00	0.00e+00	0.00e+00	0.00e+00	2.09e-05	6.21e-06	2.99e-06
 1.54394e+15	3.12e-05	8.35e-02	9.15e-01	1.60e-03	0.00e+00	0.00e+00	0.00e+00	0.00e+00	0.00e+00	2.17e-05	6.45e-06	3.10e-06
 2.01653e+15	3.28e-05	8.60e-02	9.13e-01	7.65e-04	0.00e+00	0.00e+00	0.00e+00	0.00e+00	0.00e+00	2.27e-05	6.76e-06	3.26e-06
 2.63090e+15	3.48e-05	8.91e-02	9.11e-01	3.03e-04	0.00e+00	0.00e+00	0.00e+00	0.00e+00	0.00e+00	2.42e-05	7.18e-06	3.46e-06
 3.12706e+15	3.60e-05	9.13e-02	9.09e-01	1.48e-04	0.00e+00	0.00e+00	0.00e+00	0.00e+00	0.00e+00	2.50e-05	7.43e-06	3.58e-06
 3.43977e+15	3.71e-05	9.28e-02	9.07e-01	9.58e-05	0.00e+00	0.00e+00	0.00e+00	0.00e+00	0.00e+00	2.58e-05	7.65e-06	3.69e-06
 3.78375e+15	3.84e-05	9.45e-02	9.05e-01	6.03e-05	0.00e+00	0.00e+00	0.00e+00	0.00e+00	0.00e+00	2.66e-05	7.90e-06	3.81e-06
 4.16212e+15	3.98e-05	9.63e-02	9.04e-01	3.70e-05	0.00e+00	0.00e+00	0.00e+00	0.00e+00	0.00e+00	2.76e-05	8.19e-06	3.95e-06
 4.57833e+15	4.14e-05	9.84e-02	9.02e-01	2.24e-05	0.00e+00	0.00e+00	0.00e+00	0.00e+00	0.00e+00	2.88e-05	8.52e-06	4.11e-06
 5.03617e+15	4.33e-05	1.01e-01	8.99e-01	1.34e-05	0.00e+00	0.00e+00	0.00e+00	0.00e+00	0.00e+00	3.01e-05	8.90e-06	4.30e-06
 5.53978e+15	4.54e-05	1.03e-01	8.97e-01	8.11e-06	0.00e+00	0.00e+00	0.00e+00	0.00e+00	0.00e+00	3.16e-05	9.34e-06	4.52e-06
 6.09376e+15	4.80e-05	1.06e-01	8.94e-01	5.05e-06	0.00e+00	0.00e+00	0.00e+00	0.00e+00	0.00e+00	3.33e-05	9.86e-06	4.77e-06
 6.70314e+15	5.10e-05	1.10e-01	8.90e-01	3.32e-06	0.00e+00	0.00e+00	0.00e+00	0.00e+00	0.00e+00	3.54e-05	1.05e-05	5.07e-06
 7.37345e+15	5.45e-05	1.13e-01	8.87e-01	2.35e-06	0.00e+00	0.00e+00	0.00e+00	0.00e+00	0.00e+00	3.79e-05	1.12e-05	5.42e-06
 8.11080e+15	5.88e-05	1.18e-01	8.82e-01	1.80e-06	0.00e+00	0.00e+00	0.00e+00	0.00e+00	0.00e+00	4.09e-05	1.21e-05	5.84e-06
 8.92187e+15	6.38e-05	1.22e-01	8.78e-01	1.47e-06	0.00e+00	0.00e+00	0.00e+00	0.00e+00	0.00e+00	4.44e-05	1.31e-05	6.34e-06
 9.81406e+15	7.00e-05	1.28e-01	8.72e-01	1.26e-06	0.00e+00	0.00e+00	0.00e+00	0.00e+00	0.00e+00	4.87e-05	1.43e-05	6.95e-06
 1.07955e+16	7.75e-05	1.35e-01	8.65e-01	1.11e-06	0.00e+00	0.00e+00	0.00e+00	0.00e+00	0.00e+00	5.39e-05	1.59e-05	7.69e-06
 1.18750e+16	8.68e-05	1.42e-01	8.58e-01	9.91e-07	0.00e+00	0.00e+00	0.00e+00	0.00e+00	0.00e+00	6.04e-05	1.78e-05	8.62e-06
 1.30625e+16	9.85e-05	1.51e-01	8.49e-01	0.00e+00	0.00e+00	0.00e+00	0.00e+00	0.00e+00	0.00e+00	6.85e-05	2.01e-05	9.78e-06
 1.43688e+16	1.14e-04	1.62e-01	8.38e-01	0.00e+00	0.00e+00	0.00e+00	0.00e+00	0.00e+00	0.00e+00	7.91e-05	2.32e-05	1.13e-05
 1.58056e+16	1.33e-04	1.74e-01	8.26e-01	0.00e+00	0.00e+00	0.00e+00	0.00e+00	0.00e+00	0.00e+00	9.27e-05	2.72e-05	1.32e-05
 1.73862e+16	1.59e-04	1.90e-01	8.10e-01	0.00e+00	0.00e+00	0.00e+00	0.00e+00	0.00e+00	0.00e+00	1.11e-04	3.25e-05	1.58e-05
 1.89671e+16	1.91e-04	2.07e-01	7.93e-01	0.00e+00	0.00e+00	0.00e+00	0.00e+00	0.00e+00	0.00e+00	1.33e-04	3.90e-05	1.90e-05
 2.03887e+16	2.27e-04	2.24e-01	7.76e-01	0.00e+00	0.00e+00	0.00e+00	0.00e+00	0.00e+00	0.00e+00	1.58e-04	4.63e-05	2.25e-05
 2.16931e+16	2.67e-04	2.41e-01	7.59e-01	0.00e+00	0.00e+00	0.00e+00	0.00e+00	0.00e+00	0.00e+00	1.86e-04	5.45e-05	2.65e-05
 2.29583e+16	3.15e-04	2.60e-01	7.40e-01	0.00e+00	0.00e+00	0.00e+00	0.00e+00	0.00e+00	0.00e+00	2.20e-04	6.43e-05	3.13e-05
 2.41992e+16	3.73e-04	2.81e-01	7.19e-01	0.00e+00	0.00e+00	0.00e+00	0.00e+00	0.00e+00	0.00e+00	2.60e-04	7.61e-05	3.71e-05
 2.53872e+16	4.42e-04	3.03e-01	6.97e-01	0.00e+00	0.00e+00	0.00e+00	0.00e+00	0.00e+00	0.00e+00	3.08e-04	9.02e-05	4.39e-05
 2.65037e+16	5.22e-04	3.26e-01	6.73e-01	0.00e+00	0.00e+00	0.00e+00	0.00e+00	0.00e+00	0.00e+00	3.64e-04	1.07e-04	5.19e-05
 2.75559e+16	6.15e-04	3.51e-01	6.48e-01	0.00e+00	0.00e+00	0.00e+00	0.00e+00	0.00e+00	0.00e+00	4.29e-04	1.26e-04	6.11e-05
 2.85562e+16	7.25e-04	3.77e-01	6.22e-01	0.00e+00	0.00e+00	0.00e+00	0.00e+00	0.00e+00	0.00e+00	5.05e-04	1.48e-04	7.20e-05
 2.95097e+16	8.53e-04	4.05e-01	5.94e-01	0.00e+00	0.00e+00	0.00e+00	0.00e+00	0.00e+00	0.00e+00	5.94e-04	1.74e-04	8.48e-05
 3.04189e+16	1.01e-03	4.35e-01	5.64e-01	0.00e+00	0.00e+00	0.00e+00	0.00e+00	0.00e+00	0.00e+00	7.00e-04	2.06e-04	9.99e-05
 3.12804e+16	1.19e-03	4.67e-01	5.32e-01	0.00e+00	0.00e+00	0.00e+00	0.00e+00	0.00e+00	0.00e+00	8.25e-04	2.42e-04	1.18e-04
 3.20898e+16	1.39e-03	5.00e-01	4.99e-01	0.00e+00	0.00e+00	0.00e+00	0.00e+00	0.00e+00	0.00e+00	9.71e-04	2.85e-04	1.38e-04
 3.28528e+16	1.64e-03	5.34e-01	4.64e-01	0.00e+00	0.00e+00	0.00e+00	0.00e+00	0.00e+00	0.00e+00	1.14e-03	3.35e-04	1.63e-04
 3.35766e+16	1.92e-03	5.70e-01	4.28e-01	0.00e+00	0.00e+00	0.00e+00	0.00e+00	0.00e+00	0.00e+00	1.34e-03	3.93e-04	1.91e-04
 3.42647e+16	2.25e-03	6.07e-01	3.90e-01	0.00e+00	0.00e+00	0.00e+00	0.00e+00	0.00e+00	0.00e+00	1.57e-03	4.61e-04	2.24e-04
 3.49173e+16	2.64e-03	6.46e-01	3.52e-01	0.00e+00	0.00e+00	0.00e+00	0.00e+00	0.00e+00	0.00e+00	1.84e-03	5.41e-04	2.62e-04
 3.55347e+16	3.09e-03	6.85e-01	3.12e-01	0.00e+00	0.00e+00	0.00e+00	0.00e+00	0.00e+00	0.00e+00	2.15e-03	6.34e-04	3.07e-04
 3.61191e+16	3.63e-03	7.24e-01	2.73e-01	0.00e+00	0.00e+00	0.00e+00	0.00e+00	0.00e+00	0.00e+00	2.52e-03	7.43e-04	3.59e-04
 3.66695e+16	4.23e-03	7.63e-01	2.33e-01	0.00e+00	0.00e+00	0.00e+00	0.00e+00	0.00e+00	0.00e+00	2.94e-03	8.67e-04	4.19e-04
 3.71890e+16	4.92e-03	8.01e-01	1.95e-01	0.00e+00	0.00e+00	0.00e+00	0.00e+00	0.00e+00	0.00e+00	3.42e-03	1.01e-03	4.88e-04
 3.76068e+16	5.61e-03	8.32e-01	1.62e-01	0.00e+00	0.00e+00	0.00e+00	0.00e+00	0.00e+00	0.00e+00	3.90e-03	1.15e-03	5.56e-04
 3.79105e+16	6.18e-03	8.55e-01	1.38e-01	0.00e+00	0.00e+00	0.00e+00	0.00e+00	0.00e+00	0.00e+00	4.30e-03	1.27e-03	6.13e-04
 3.81665e+16	6.73e-03	8.75e-01	1.18e-01	0.00e+00	0.00e+00	0.00e+00	0.00e+00	0.00e+00	0.00e+00	4.68e-03	1.38e-03	6.67e-04
 3.83879e+16	7.25e-03	8.91e-01	1.01e-01	0.00e+00	0.00e+00	0.00e+00	0.00e+00	0.00e+00	0.00e+00	5.04e-03	1.49e-03	7.18e-04
 3.85885e+16	7.81e-03	9.06e-01	8.60e-02	0.00e+00	0.00e+00	0.00e+00	0.00e+00	0.00e+00	0.00e+00	5.43e-03	1.60e-03	7.73e-04
 3.87737e+16	8.37e-03	9.19e-01	7.22e-02	0.00e+00	0.00e+00	0.00e+00	0.00e+00	0.00e+00	0.00e+00	5.82e-03	1.72e-03	8.29e-04
 3.89412e+16	8.82e-03	9.31e-01	6.03e-02	0.00e+00	0.00e+00	0.00e+00	0.00e+00	0.00e+00	0.00e+00	6.13e-03	1.81e-03	8.74e-04
 3.90898e+16	9.28e-03	9.41e-01	5.01e-02	0.00e+00	0.00e+00	0.00e+00	0.00e+00	0.00e+00	0.00e+00	6.45e-03	1.91e-03	9.19e-04
 3.92241e+16	9.72e-03	9.49e-01	4.12e-02	0.00e+00	0.00e+00	0.00e+00	0.00e+00	0.00e+00	0.00e+00	6.76e-03	2.00e-03	9.63e-04
 3.93475e+16	1.02e-02	9.56e-01	3.36e-02	0.00e+00	0.00e+00	0.00e+00	0.00e+00	0.00e+00	0.00e+00	7.06e-03	2.09e-03	1.01e-03
 3.94615e+16	1.06e-02	9.62e-01	2.71e-02	0.00e+00	0.00e+00	0.00e+00	0.00e+00	0.00e+00	0.00e+00	7.35e-03	2.18e-03	1.05e-03
 3.95682e+16	1.10e-02	9.67e-01	2.16e-02	0.00e+00	0.00e+00	0.00e+00	0.00e+00	0.00e+00	0.00e+00	7.63e-03	2.26e-03	1.09e-03
 3.96706e+16	1.14e-02	9.72e-01	1.68e-02	0.00e+00	0.00e+00	0.00e+00	0.00e+00	0.00e+00	0.00e+00	7.91e-03	2.34e-03	1.13e-03
 3.97706e+16	1.18e-02	9.75e-01	1.29e-02	0.00e+00	0.00e+00	0.00e+00	0.00e+00	0.00e+00	0.00e+00	8.19e-03	2.42e-03	1.17e-03
 3.98844e+16	1.22e-02	9.79e-01	9.21e-03	0.00e+00	0.00e+00	0.00e+00	0.00e+00	0.00e+00	0.00e+00	8.50e-03	2.51e-03	1.21e-03
 4.00089e+16	1.28e-02	9.81e-01	6.14e-03	0.00e+00	0.00e+00	0.00e+00	0.00e+00	0.00e+00	0.00e+00	8.89e-03	2.63e-03	1.27e-03
 4.01255e+16	1.33e-02	9.83e-01	4.08e-03	0.00e+00	0.00e+00	0.00e+00	0.00e+00	0.00e+00	0.00e+00	9.23e-03	2.73e-03	1.31e-03
 4.02555e+16	1.39e-02	9.84e-01	2.55e-03	0.00e+00	0.00e+00	0.00e+00	0.00e+00	0.00e+00	0.00e+00	9.68e-03	2.86e-03	1.38e-03
 4.04245e+16	1.48e-02	9.84e-01	1.37e-03	0.00e+00	0.00e+00	0.00e+00	0.00e+00	0.00e+00	0.00e+00	1.03e-02	3.04e-03	1.47e-03
 4.06442e+16	1.61e-02	9.83e-01	6.15e-04	0.00e+00	0.00e+00	0.00e+00	0.00e+00	0.00e+00	0.00e+00	1.12e-02	3.31e-03	1.60e-03
 4.09297e+16	1.81e-02	9.82e-01	2.22e-04	0.00e+00	0.00e+00	0.00e+00	0.00e+00	0.00e+00	0.00e+00	1.26e-02	3.72e-03	1.79e-03
 4.13010e+16	2.14e-02	9.79e-01	6.21e-05	0.00e+00	0.00e+00	0.00e+00	0.00e+00	0.00e+00	0.00e+00	1.49e-02	4.40e-03	2.12e-03
 4.16847e+16	2.62e-02	9.74e-01	1.69e-05	0.00e+00	0.00e+00	0.00e+00	0.00e+00	0.00e+00	0.00e+00	1.82e-02	5.37e-03	2.59e-03
 4.19917e+16	3.15e-02	9.68e-01	6.23e-06	0.00e+00	0.00e+00	0.00e+00	0.00e+00	0.00e+00	0.00e+00	2.19e-02	6.47e-03	3.12e-03
 4.22538e+16	3.78e-02	9.62e-01	2.67e-06	0.00e+00	0.00e+00	0.00e+00	0.00e+00	0.00e+00	0.00e+00	2.63e-02	7.74e-03	3.74e-03
 4.24816e+16	4.52e-02	9.55e-01	1.28e-06	0.00e+00	0.00e+00	0.00e+00	0.00e+00	0.00e+00	0.00e+00	3.15e-02	9.25e-03	4.47e-03
 4.26565e+16	5.28e-02	9.47e-01	7.23e-07	0.00e+00	0.00e+00	0.00e+00	0.00e+00	0.00e+00	0.00e+00	3.68e-02	1.08e-02	5.22e-03
 4.28008e+16	6.10e-02	9.39e-01	0.00e+00	0.00e+00	0.00e+00	0.00e+00	0.00e+00	0.00e+00	0.00e+00	4.26e-02	1.24e-02	6.02e-03
 4.29353e+16	7.07e-02	9.29e-01	0.00e+00	0.00e+00	0.00e+00	0.00e+00	0.00e+00	0.00e+00	0.00e+00	4.94e-02	1.44e-02	6.97e-03
 4.30639e+16	8.28e-02	9.17e-01	0.00e+00	0.00e+00	0.00e+00	0.00e+00	0.00e+00	0.00e+00	0.00e+00	5.78e-02	1.68e-02	8.15e-03
 4.31811e+16	9.71e-02	9.03e-01	0.00e+00	0.00e+00	0.00e+00	0.00e+00	0.00e+00	0.00e+00	0.00e+00	6.80e-02	1.96e-02	9.55e-03
 4.32830e+16	1.13e-01	8.87e-01	0.00e+00	0.00e+00	0.00e+00	0.00e+00	0.00e+00	0.00e+00	0.00e+00	7.93e-02	2.27e-02	1.11e-02
 4.33722e+16	1.31e-01	8.69e-01	0.00e+00	0.00e+00	0.00e+00	0.00e+00	0.00e+00	0.00e+00	0.00e+00	9.23e-02	2.62e-02	1.29e-02
 4.34530e+16	1.52e-01	8.48e-01	0.00e+00	0.00e+00	0.00e+00	0.00e+00	0.00e+00	0.00e+00	0.00e+00	1.07e-01	3.02e-02	1.49e-02
 4.35270e+16	1.77e-01	8.23e-01	0.00e+00	0.00e+00	0.00e+00	0.00e+00	0.00e+00	0.00e+00	0.00e+00	1.25e-01	3.47e-02	1.72e-02
 4.35949e+16	2.05e-01	7.95e-01	0.00e+00	0.00e+00	0.00e+00	0.00e+00	0.00e+00	0.00e+00	0.00e+00	1.45e-01	3.98e-02	1.99e-02
 4.36570e+16	2.37e-01	7.63e-01	0.00e+00	0.00e+00	0.00e+00	0.00e+00	0.00e+00	0.00e+00	0.00e+00	1.68e-01	4.54e-02	2.29e-02
 4.37138e+16	2.73e-01	7.27e-01	0.00e+00	0.00e+00	0.00e+00	0.00e+00	0.00e+00	0.00e+00	0.00e+00	1.95e-01	5.16e-02	2.62e-02
 4.37664e+16	3.14e-01	6.86e-01	0.00e+00	0.00e+00	0.00e+00	0.00e+00	0.00e+00	0.00e+00	0.00e+00	2.25e-01	5.82e-02	2.99e-02
 4.38122e+16	3.55e-01	6.45e-01	0.00e+00	0.00e+00	0.00e+00	0.00e+00	0.00e+00	0.00e+00	0.00e+00	2.57e-01	6.46e-02	3.36e-02
 4.38473e+16	3.91e-01	6.09e-01	0.00e+00	0.00e+00	0.00e+00	0.00e+00	0.00e+00	0.00e+00	0.00e+00	2.85e-01	6.98e-02	3.68e-02
 4.38737e+16	4.21e-01	5.79e-01	0.00e+00	0.00e+00	0.00e+00	0.00e+00	0.00e+00	0.00e+00	0.00e+00	3.08e-01	7.39e-02	3.93e-02
 4.38956e+16	4.48e-01	5.52e-01	0.00e+00	0.00e+00	0.00e+00	0.00e+00	0.00e+00	0.00e+00	0.00e+00	3.29e-01	7.73e-02	4.15e-02
 4.39162e+16	4.74e-01	5.26e-01	0.00e+00	0.00e+00	0.00e+00	0.00e+00	0.00e+00	0.00e+00	0.00e+00	3.50e-01	8.05e-02	4.36e-02
 4.39358e+16	5.00e-01	5.00e-01	0.00e+00	0.00e+00	0.00e+00	0.00e+00	0.00e+00	0.00e+00	0.00e+00	3.71e-01	8.34e-02	4.56e-02
 4.39535e+16	5.24e-01	4.76e-01	0.00e+00	0.00e+00	0.00e+00	0.00e+00	0.00e+00	0.00e+00	0.00e+00	3.91e-01	8.59e-02	4.74e-02
 4.39691e+16	5.46e-01	4.54e-01	0.00e+00	0.00e+00	0.00e+00	0.00e+00	0.00e+00	0.00e+00	0.00e+00	4.09e-01	8.80e-02	4.89e-02
 4.39831e+16	5.66e-01	4.34e-01	0.00e+00	0.00e+00	0.00e+00	0.00e+00	0.00e+00	0.00e+00	0.00e+00	4.26e-01	8.97e-02	5.03e-02
 4.39964e+16	5.85e-01	4.15e-01	0.00e+00	0.00e+00	0.00e+00	0.00e+00	0.00e+00	0.00e+00	0.00e+00	4.42e-01	9.12e-02	5.16e-02
 4.40076e+16	6.01e-01	3.99e-01	0.00e+00	0.00e+00	0.00e+00	0.00e+00	0.00e+00	0.00e+00	0.00e+00	4.56e-01	9.23e-02	5.26e-02
 4.40157e+16	6.12e-01	3.88e-01	0.00e+00	0.00e+00	0.00e+00	0.00e+00	0.00e+00	0.00e+00	0.00e+00	4.66e-01	9.31e-02	5.33e-02
 4.40231e+16	6.23e-01	3.77e-01	0.00e+00	0.00e+00	0.00e+00	0.00e+00	0.00e+00	0.00e+00	0.00e+00	4.75e-01	9.37e-02	5.39e-02
 4.40312e+16	6.35e-01	3.65e-01	0.00e+00	0.00e+00	0.00e+00	0.00e+00	0.00e+00	0.00e+00	0.00e+00	4.86e-01	9.44e-02	5.46e-02
 4.40397e+16	6.48e-01	3.52e-01	0.00e+00	0.00e+00	0.00e+00	0.00e+00	0.00e+00	0.00e+00	0.00e+00	4.97e-01	9.50e-02	5.53e-02
 4.40480e+16	6.59e-01	3.41e-01	0.00e+00	0.00e+00	0.00e+00	0.00e+00	0.00e+00	0.00e+00	0.00e+00	5.08e-01	9.55e-02	5.59e-02
 4.40560e+16	6.71e-01	3.29e-01	0.00e+00	0.00e+00	0.00e+00	0.00e+00	0.00e+00	0.00e+00	0.00e+00	5.19e-01	9.59e-02	5.64e-02
 4.40640e+16	6.82e-01	3.18e-01	0.00e+00	0.00e+00	0.00e+00	0.00e+00	0.00e+00	0.00e+00	0.00e+00	5.29e-01	9.62e-02	5.70e-02
 4.40719e+16	6.93e-01	3.07e-01	0.00e+00	0.00e+00	0.00e+00	0.00e+00	0.00e+00	0.00e+00	0.00e+00	5.40e-01	9.64e-02	5.74e-02
 4.40797e+16	7.05e-01	2.95e-01	0.00e+00	0.00e+00	0.00e+00	0.00e+00	0.00e+00	0.00e+00	0.00e+00	5.50e-01	9.66e-02	5.79e-02
 4.40875e+16	7.15e-01	2.85e-01	0.00e+00	0.00e+00	0.00e+00	0.00e+00	0.00e+00	0.00e+00	0.00e+00	5.60e-01	9.67e-02	5.83e-02
 4.40951e+16	7.26e-01	2.74e-01	0.00e+00	0.00e+00	0.00e+00	0.00e+00	0.00e+00	0.00e+00	0.00e+00	5.70e-01	9.67e-02	5.86e-02
 4.41027e+16	7.36e-01	2.64e-01	0.00e+00	0.00e+00	0.00e+00	0.00e+00	0.00e+00	0.00e+00	0.00e+00	5.80e-01	9.66e-02	5.89e-02
 4.41103e+16	7.46e-01	2.54e-01	0.00e+00	0.00e+00	0.00e+00	0.00e+00	0.00e+00	0.00e+00	0.00e+00	5.90e-01	9.64e-02	5.90e-02
 4.41178e+16	7.56e-01	2.44e-01	0.00e+00	0.00e+00	0.00e+00	0.00e+00	0.00e+00	0.00e+00	0.00e+00	6.00e-01	9.62e-02	5.92e-02
 4.41252e+16	7.65e-01	2.35e-01	0.00e+00	0.00e+00	0.00e+00	0.00e+00	0.00e+00	0.00e+00	0.00e+00	6.10e-01	9.59e-02	5.93e-02
 4.41326e+16	7.74e-01	2.26e-01	0.00e+00	0.00e+00	0.00e+00	0.00e+00	0.00e+00	0.00e+00	0.00e+00	6.19e-01	9.55e-02	5.93e-02
 4.41400e+16	7.83e-01	2.17e-01	0.00e+00	0.00e+00	0.00e+00	0.00e+00	0.00e+00	0.00e+00	0.00e+00	6.29e-01	9.51e-02	5.93e-02
 4.41473e+16	7.92e-01	2.08e-01	0.00e+00	0.00e+00	0.00e+00	0.00e+00	0.00e+00	0.00e+00	0.00e+00	6.38e-01	9.46e-02	5.92e-02
 4.41543e+16	8.00e-01	2.00e-01	0.00e+00	0.00e+00	0.00e+00	0.00e+00	0.00e+00	0.00e+00	0.00e+00	6.47e-01	9.41e-02	5.91e-02
 4.41614e+16	8.08e-01	1.92e-01	0.00e+00	0.00e+00	0.00e+00	0.00e+00	0.00e+00	0.00e+00	0.00e+00	6.56e-01	9.35e-02	5.90e-02
 4.41685e+16	8.16e-01	1.84e-01	0.00e+00	0.00e+00	0.00e+00	0.00e+00	0.00e+00	0.00e+00	0.00e+00	6.65e-01	9.28e-02	5.88e-02
 4.41755e+16	8.24e-01	1.76e-01	0.00e+00	0.00e+00	0.00e+00	0.00e+00	0.00e+00	0.00e+00	0.00e+00	6.73e-01	9.21e-02	5.86e-02
 4.41824e+16	8.31e-01	1.69e-01	0.00e+00	0.00e+00	0.00e+00	0.00e+00	0.00e+00	0.00e+00	0.00e+00	6.82e-01	9.14e-02	5.83e-02
 4.41891e+16	8.38e-01	1.62e-01	0.00e+00	0.00e+00	0.00e+00	0.00e+00	0.00e+00	0.00e+00	0.00e+00	6.89e-01	9.07e-02	5.81e-02
 4.41957e+16	8.45e-01	1.55e-01	0.00e+00	0.00e+00	0.00e+00	0.00e+00	0.00e+00	0.00e+00	0.00e+00	6.97e-01	9.00e-02	5.78e-02
 4.42023e+16	8.51e-01	1.49e-01	0.00e+00	0.00e+00	0.00e+00	0.00e+00	0.00e+00	0.00e+00	0.00e+00	7.05e-01	8.92e-02	5.74e-02
 4.42087e+16	8.57e-01	1.43e-01	0.00e+00	0.00e+00	0.00e+00	0.00e+00	0.00e+00	0.00e+00	0.00e+00	7.12e-01	8.84e-02	5.71e-02
 4.42150e+16	8.63e-01	1.37e-01	0.00e+00	0.00e+00	0.00e+00	0.00e+00	0.00e+00	0.00e+00	0.00e+00	7.19e-01	8.77e-02	5.67e-02
 4.42212e+16	8.69e-01	1.31e-01	0.00e+00	0.00e+00	0.00e+00	0.00e+00	0.00e+00	0.00e+00	0.00e+00	7.25e-01	8.69e-02	5.64e-02
 4.42274e+16	8.74e-01	1.26e-01	0.00e+00	0.00e+00	0.00e+00	0.00e+00	0.00e+00	0.00e+00	0.00e+00	7.32e-01	8.61e-02	5.60e-02
 4.42335e+16	8.79e-01	1.21e-01	0.00e+00	0.00e+00	0.00e+00	0.00e+00	0.00e+00	0.00e+00	0.00e+00	7.38e-01	8.52e-02	5.56e-02
 4.42396e+16	8.84e-01	1.16e-01	0.00e+00	0.00e+00	0.00e+00	0.00e+00	0.00e+00	0.00e+00	0.00e+00	7.45e-01	8.44e-02	5.51e-02
 4.42455e+16	8.89e-01	1.11e-01	0.00e+00	0.00e+00	0.00e+00	0.00e+00	0.00e+00	0.00e+00	0.00e+00	7.51e-01	8.36e-02	5.47e-02
 4.42513e+16	8.94e-01	1.06e-01	0.00e+00	0.00e+00	0.00e+00	0.00e+00	0.00e+00	0.00e+00	0.00e+00	7.56e-01	8.28e-02	5.43e-02
 4.42570e+16	8.98e-01	1.02e-01	0.00e+00	0.00e+00	0.00e+00	0.00e+00	0.00e+00	0.00e+00	0.00e+00	7.62e-01	8.20e-02	5.38e-02
 4.42626e+16	9.02e-01	9.79e-02	0.00e+00	0.00e+00	0.00e+00	0.00e+00	0.00e+00	0.00e+00	0.00e+00	7.67e-01	8.12e-02	5.34e-02
 4.42682e+16	9.06e-01	9.39e-02	0.00e+00	0.00e+00	0.00e+00	0.00e+00	0.00e+00	0.00e+00	0.00e+00	7.73e-01	8.04e-02	5.29e-02
 4.42736e+16	9.10e-01	9.00e-02	0.00e+00	0.00e+00	0.00e+00	0.00e+00	0.00e+00	0.00e+00	0.00e+00	7.78e-01	7.96e-02	5.24e-02
 4.42790e+16	9.14e-01	8.64e-02	0.00e+00	0.00e+00	0.00e+00	0.00e+00	0.00e+00	0.00e+00	0.00e+00	7.83e-01	7.88e-02	5.20e-02
 4.42843e+16	9.17e-01	8.28e-02	0.00e+00	0.00e+00	0.00e+00	0.00e+00	0.00e+00	0.00e+00	0.00e+00	7.88e-01	7.80e-02	5.15e-02
 4.42894e+16	9.21e-01	7.94e-02	0.00e+00	0.00e+00	0.00e+00	0.00e+00	0.00e+00	0.00e+00	0.00e+00	7.92e-01	7.72e-02	5.10e-02
 4.42945e+16	9.24e-01	7.61e-02	0.00e+00	0.00e+00	0.00e+00	0.00e+00	0.00e+00	0.00e+00	0.00e+00	7.97e-01	7.64e-02	5.05e-02
 4.42993e+16	9.27e-01	7.29e-02	0.00e+00	0.00e+00	0.00e+00	0.00e+00	0.00e+00	0.00e+00	0.00e+00	8.02e-01	7.56e-02	5.00e-02
 4.43041e+16	9.30e-01	6.98e-02	0.00e+00	0.00e+00	0.00e+00	0.00e+00	0.00e+00	0.00e+00	0.00e+00	8.06e-01	7.47e-02	4.94e-02
 4.43087e+16	9.33e-01	6.69e-02	0.00e+00	0.00e+00	0.00e+00	0.00e+00	0.00e+00	0.00e+00	0.00e+00	8.10e-01	7.38e-02	4.89e-02
 4.43130e+16	9.36e-01	6.41e-02	0.00e+00	0.00e+00	0.00e+00	0.00e+00	0.00e+00	0.00e+00	0.00e+00	8.15e-01	7.30e-02	4.83e-02
 4.43169e+16	9.38e-01	6.16e-02	0.00e+00	0.00e+00	0.00e+00	0.00e+00	0.00e+00	0.00e+00	0.00e+00	8.18e-01	7.22e-02	4.78e-02
 4.43201e+16	9.41e-01	5.95e-02	0.00e+00	0.00e+00	0.00e+00	0.00e+00	0.00e+00	0.00e+00	0.00e+00	8.22e-01	7.14e-02	4.73e-02
 4.43229e+16	9.42e-01	5.76e-02	0.00e+00	0.00e+00	0.00e+00	0.00e+00	0.00e+00	0.00e+00	0.00e+00	8.25e-01	7.08e-02	4.69e-02
 4.43253e+16	9.44e-01	5.59e-02	0.00e+00	0.00e+00	0.00e+00	0.00e+00	0.00e+00	0.00e+00	0.00e+00	8.28e-01	7.02e-02	4.64e-02
