#depth	O	O+	O+2	O+3	O+4	O+5	O+6	O+7	O+8	O[1]	O[2]	O[3]
 5.40542e+08	5.25e-02	9.36e-01	1.12e-02	0.00e+00	0.00e+00	0.00e+00	0.00e+00	0.00e+00	0.00e+00	2.91e-02	1.68e-02	5.51e-03
 3.24325e+09	5.26e-02	9.36e-01	1.12e-02	1.91e-07	0.00e+00	0.00e+00	0.00e+00	0.00e+00	0.00e+00	2.92e-02	1.68e-02	5.53e-03
 1.40541e+10	5.26e-02	9.36e-01	1.12e-02	0.00e+00	0.00e+00	0.00e+00	0.00e+00	0.00e+00	0.00e+00	2.92e-02	1.68e-02	5.53e-03
 5.72975e+10	5.25e-02	9.36e-01	1.12e-02	0.00e+00	0.00e+00	0.00e+00	0.00e+00	0.00e+00	0.00e+00	2.91e-02	1.68e-02	5.51e-03
 1.36865e+11	5.15e-02	9.37e-01	1.13e-02	0.00e+00	0.00e+00	0.00e+00	0.00e+00	0.00e+00	0.00e+00	2.86e-02	1.65e-02	5.41e-03
 2.40303e+11	5.06e-02	9.38e-01	1.14e-02	1.94e-07	0.00e+00	0.00e+00	0.00e+00	0.00e+00	0.00e+00	2.81e-02	1.62e-02	5.32e-03
 3.74773e+11	5.00e-02	9.39e-01	1.15e-02	0.00e+00	0.00e+00	0.00e+00	0.00e+00	0.00e+00	0.00e+00	2.78e-02	1.60e-02	5.25e-03
 5.49583e+11	4.94e-02	9.39e-01	1.14e-02	0.00e+00	0.00e+00	0.00e+00	0.00e+00	0.00e+00	0.00e+00	2.75e-02	1.58e-02	5.20e-03
 7.76837e+11	4.90e-02	9.40e-01	1.13e-02	0.00e+00	0.00e+00	0.00e+00	0.00e+00	0.00e+00	0.00e+00	2.73e-02	1.57e-02	5.16e-03
 1.07227e+12	4.89e-02	9.40e-01	1.11e-02	0.00e+00	0.00e+00	0.00e+00	0.00e+00	0.00e+00	0.00e+00	2.72e-02	1.57e-02	5.15e-03
 1.45633e+12	4.93e-02	9.40e-01	1.07e-02	0.00e+00	0.00e+00	0.00e+00	0.00e+00	0.00e+00	0.00e+00	2.74e-02	1.58e-02	5.19e-03
 1.95560e+12	5.03e-02	9.40e-01	1.01e-02	0.00e+00	0.00e+00	0.00e+00	0.00e+00	0.00e+00	0.00e+00	2.80e-02	1.61e-02	5.30e-03
 2.60466e+12	5.24e-02	9.38e-01	9.19e-03	0.00e+00	0.00e+00	0.00e+00	0.00e+00	0.00e+00	0.00e+00	2.92e-02	1.68e-02	5.52e-03
 3.44844e+12	5.65e-02	9.36e-01	7.91e-03	0.00e+00	0.00e+00	0.00e+00	0.00e+00	0.00e+00	0.00e+00	3.15e-02	1.81e-02	5.95e-03
 4.43264e+12	6.28e-02	9.31e-01	6.48e-03	0.00e+00	0.00e+00	0.00e+00	0.00e+00	0.00e+00	0.00e+00	3.50e-02	2.02e-02	6.62e-03
 5.42863e+12	7.21e-02	9.23e-01	5.06e-03	0.00e+00	0.00e+00	0.00e+00	0.00e+00	0.00e+00	0.00e+00	4.02e-02	2.31e-02	7.60e-03
 6.32458e+12	8.39e-02	9.12e-01	3.87e-03	0.00e+00	0.00e+00	0.00e+00	0.00e+00	0.00e+00	0.00e+00	4.68e-02	2.69e-02	8.85e-03
 7.07045e+12	9.79e-02	8.99e-01	2.96e-03	0.00e+00	0.00e+00	0.00e+00	0.00e+00	0.00e+00	0.00e+00	5.46e-02	3.14e-02	1.03e-02
 7.70060e+12	1.14e-01	8.84e-01	2.28e-03	0.00e+00	0.00e+00	0.00e+00	0.00e+00	0.00e+00	0.00e+00	6.36e-02	3.66e-02	1.20e-02
 8.25578e+12	1.32e-01	8.66e-01	1.75e-03	0.00e+00	0.00e+00	0.00e+00	0.00e+00	0.00e+00	0.00e+00	7.39e-02	4.25e-02	1.40e-02
 8.76695e+12	1.54e-01	8.44e-01	1.33e-03	0.00e+00	0.00e+00	0.00e+00	0.00e+00	0.00e+00	0.00e+00	8.61e-02	4.96e-02	1.63e-02
 9.24420e+12	1.80e-01	8.19e-01	9.94e-04	0.00e+00	0.00e+00	0.00e+00	0.00e+00	0.00e+00	0.00e+00	1.01e-01	5.79e-02	1.90e-02
 9.68458e+12	2.10e-01	7.89e-01	7.41e-04	0.00e+00	0.00e+00	0.00e+00	0.00e+00	0.00e+00	0.00e+00	1.17e-01	6.74e-02	2.22e-02
 1.00944e+13	2.44e-01	7.55e-01	5.46e-04	0.00e+00	0.00e+00	0.00e+00	0.00e+00	0.00e+00	0.00e+00	1.37e-01	7.85e-02	2.58e-02
 1.04780e+13	2.84e-01	7.16e-01	3.98e-04	0.00e+00	0.00e+00	0.00e+00	0.00e+00	0.00e+00	0.00e+00	1.59e-01	9.12e-02	3.00e-02
 1.08110e+13	3.24e-01	6.75e-01	2.96e-04	0.00e+00	0.00e+00	0.00e+00	0.00e+00	0.00e+00	0.00e+00	1.82e-01	1.04e-01	3.43e-02
 1.10701e+13	3.60e-01	6.39e-01	2.31e-04	0.00e+00	0.00e+00	0.00e+00	0.00e+00	0.00e+00	0.00e+00	2.02e-01	1.16e-01	3.81e-02
 1.12697e+13	3.91e-01	6.09e-01	1.89e-04	0.00e+00	0.00e+00	0.00e+00	0.00e+00	0.00e+00	0.00e+00	2.19e-01	1.26e-01	4.13e-02
 1.14443e+13	4.18e-01	5.82e-01	1.58e-04	0.00e+00	0.00e+00	0.00e+00	0.00e+00	0.00e+00	0.00e+00	2.34e-01	1.34e-01	4.42e-02
 1.16074e+13	4.46e-01	5.54e-01	1.33e-04	0.00e+00	0.00e+00	0.00e+00	0.00e+00	0.00e+00	0.00e+00	2.50e-01	1.43e-01	4.72e-02
 1.17597e+13	4.71e-01	5.29e-01	1.13e-04	0.00e+00	0.00e+00	0.00e+00	0.00e+00	0.00e+00	0.00e+00	2.65e-01	1.52e-01	4.99e-02
 1.19006e+13	4.96e-01	5.04e-01	9.63e-05	0.00e+00	0.00e+00	0.00e+00	0.00e+00	0.00e+00	0.00e+00	2.79e-01	1.59e-01	5.25e-02
 1.20275e+13	5.18e-01	4.81e-01	8.33e-05	0.00e+00	0.00e+00	0.00e+00	0.00e+00	0.00e+00	0.00e+00	2.92e-01	1.67e-01	5.50e-02
 1.21480e+13	5.40e-01	4.60e-01	7.24e-05	0.00e+00	0.00e+00	0.00e+00	0.00e+00	0.00e+00	0.00e+00	3.04e-01	1.74e-01	5.73e-02
 1.22645e+13	5.61e-01	4.39e-01	6.32e-05	0.00e+00	0.00e+00	0.00e+00	0.00e+00	0.00e+00	0.00e+00	3.16e-01	1.80e-01	5.95e-02
 1.23734e+13	5.81e-01	4.19e-01	5.56e-05	0.00e+00	0.00e+00	0.00e+00	0.00e+00	0.00e+00	0.00e+00	3.27e-01	1.87e-01	6.16e-02
 1.24591e+13	5.95e-01	4.05e-01	5.04e-05	0.00e+00	0.00e+00	0.00e+00	0.00e+00	0.00e+00	0.00e+00	3.36e-01	1.91e-01	6.32e-02
 1.25221e+13	6.06e-01	3.94e-01	4.68e-05	0.00e+00	0.00e+00	0.00e+00	0.00e+00	0.00e+00	0.00e+00	3.42e-01	1.95e-01	6.44e-02
 1.25831e+13	6.17e-01	3.83e-01	4.34e-05	0.00e+00	0.00e+00	0.00e+00	0.00e+00	0.00e+00	0.00e+00	3.48e-01	1.99e-01	6.56e-02
 1.26510e+13	6.29e-01	3.71e-01	3.99e-05	0.00e+00	0.00e+00	0.00e+00	0.00e+00	0.00e+00	0.00e+00	3.55e-01	2.02e-01	6.69e-02
 1.27229e+13	6.42e-01	3.58e-01	3.65e-05	0.00e+00	0.00e+00	0.00e+00	0.00e+00	0.00e+00	0.00e+00	3.63e-01	2.07e-01	6.82e-02
 1.27922e+13	6.54e-01	3.46e-01	3.35e-05	0.00e+00	0.00e+00	0.00e+00	0.00e+00	0.00e+00	0.00e+00	3.69e-01	2.10e-01	6.95e-02
 1.28598e+13	6.65e-01	3.35e-01	3.08e-05	0.00e+00	0.00e+00	0.00e+00	0.00e+00	0.00e+00	0.00e+00	3.76e-01	2.14e-01	7.07e-02
 1.29273e+13	6.76e-01	3.24e-01	2.83e-05	0.00e+00	0.00e+00	0.00e+00	0.00e+00	0.00e+00	0.00e+00	3.83e-01	2.18e-01	7.19e-02
 1.29950e+13	6.88e-01	3.12e-01	2.60e-05	0.00e+00	0.00e+00	0.00e+00	0.00e+00	0.00e+00	0.00e+00	3.89e-01	2.21e-01	7.32e-02
 1.30627e+13	6.98e-01	3.02e-01	2.39e-05	0.00e+00	0.00e+00	0.00e+00	0.00e+00	0.00e+00	0.00e+00	3.95e-01	2.25e-01	7.43e-02
 1.31307e+13	7.09e-01	2.91e-01	2.19e-05	0.00e+00	0.00e+00	0.00e+00	0.00e+00	0.00e+00	0.00e+00	4.02e-01	2.28e-01	7.55e-02
 1.31990e+13	7.20e-01	2.80e-01	2.01e-05	0.00e+00	0.00e+00	0.00e+00	0.00e+00	0.00e+00	0.00e+00	4.08e-01	2.31e-01	7.66e-02
 1.32659e+13	7.30e-01	2.70e-01	1.85e-05	0.00e+00	0.00e+00	0.00e+00	0.00e+00	0.00e+00	0.00e+00	4.14e-01	2.35e-01	7.77e-02
 1.33324e+13	7.40e-01	2.60e-01	1.70e-05	0.00e+00	0.00e+00	0.00e+00	0.00e+00	0.00e+00	0.00e+00	4.20e-01	2.38e-01	7.88e-02
 1.34001e+13	7.50e-01	2.50e-01	1.56e-05	0.00e+00	0.00e+00	0.00e+00	0.00e+00	0.00e+00	0.00e+00	4.26e-01	2.41e-01	7.99e-02
 1.34676e+13	7.59e-01	2.41e-01	1.43e-05	0.00e+00	0.00e+00	0.00e+00	0.00e+00	0.00e+00	0.00e+00	4.31e-01	2.44e-01	8.09e-02
 1.35348e+13	7.69e-01	2.31e-01	1.31e-05	0.00e+00	0.00e+00	0.00e+00	0.00e+00	0.00e+00	0.00e+00	4.37e-01	2.47e-01	8.19e-02
 1.36021e+13	7.78e-01	2.22e-01	1.20e-05	0.00e+00	0.00e+00	0.00e+00	0.00e+00	0.00e+00	0.00e+00	4.42e-01	2.50e-01	8.28e-02
 1.36696e+13	7.87e-01	2.13e-01	1.10e-05	0.00e+00	0.00e+00	0.00e+00	0.00e+00	0.00e+00	0.00e+00	4.47e-01	2.52e-01	8.38e-02
 1.37377e+13	7.95e-01	2.05e-01	1.01e-05	0.00e+00	0.00e+00	0.00e+00	0.00e+00	0.00e+00	0.00e+00	4.52e-01	2.55e-01	8.47e-02
 1.38048e+13	8.03e-01	1.97e-01	9.26e-06	0.00e+00	0.00e+00	0.00e+00	0.00e+00	0.00e+00	0.00e+00	4.57e-01	2.58e-01	8.56e-02
 1.38718e+13	8.11e-01	1.89e-01	8.50e-06	0.00e+00	0.00e+00	0.00e+00	0.00e+00	0.00e+00	0.00e+00	4.62e-01	2.60e-01	8.64e-02
 1.39398e+13	8.19e-01	1.81e-01	7.78e-06	0.00e+00	0.00e+00	0.00e+00	0.00e+00	0.00e+00	0.00e+00	4.67e-01	2.63e-01	8.73e-02
 1.40077e+13	8.26e-01	1.74e-01	7.14e-06	0.00e+00	0.00e+00	0.00e+00	0.00e+00	0.00e+00	0.00e+00	4.71e-01	2.65e-01	8.81e-02
 1.40752e+13	8.34e-01	1.66e-01	6.54e-06	0.00e+00	0.00e+00	0.00e+00	0.00e+00	0.00e+00	0.00e+00	4.75e-01	2.67e-01	8.88e-02
 1.41427e+13	8.41e-01	1.59e-01	6.00e-06	0.00e+00	0.00e+00	0.00e+00	0.00e+00	0.00e+00	0.00e+00	4.79e-01	2.69e-01	8.96e-02
 1.42101e+13	8.47e-01	1.53e-01	5.50e-06	0.00e+00	0.00e+00	0.00e+00	0.00e+00	0.00e+00	0.00e+00	4.84e-01	2.71e-01	9.03e-02
 1.42772e+13	8.54e-01	1.46e-01	5.05e-06	0.00e+00	0.00e+00	0.00e+00	0.00e+00	0.00e+00	0.00e+00	4.87e-01	2.73e-01	9.09e-02
 1.43440e+13	8.60e-01	1.40e-01	4.64e-06	0.00e+00	0.00e+00	0.00e+00	0.00e+00	0.00e+00	0.00e+00	4.91e-01	2.75e-01	9.16e-02
 1.44106e+13	8.66e-01	1.34e-01	4.26e-06	0.00e+00	0.00e+00	0.00e+00	0.00e+00	0.00e+00	0.00e+00	4.95e-01	2.77e-01	9.22e-02
 1.44777e+13	8.71e-01	1.29e-01	3.91e-06	0.00e+00	0.00e+00	0.00e+00	0.00e+00	0.00e+00	0.00e+00	4.98e-01	2.78e-01	9.28e-02
 1.45450e+13	8.77e-01	1.23e-01	3.59e-06	0.00e+00	0.00e+00	0.00e+00	0.00e+00	0.00e+00	0.00e+00	5.01e-01	2.80e-01	9.34e-02
 1.46118e+13	8.82e-01	1.18e-01	3.30e-06	0.00e+00	0.00e+00	0.00e+00	0.00e+00	0.00e+00	0.00e+00	5.05e-01	2.82e-01	9.39e-02
 1.46783e+13	8.87e-01	1.13e-01	3.03e-06	0.00e+00	0.00e+00	0.00e+00	0.00e+00	0.00e+00	0.00e+00	5.08e-01	2.83e-01	9.44e-02
 1.47448e+13	8.92e-01	1.08e-01	2.79e-06	0.00e+00	0.00e+00	0.00e+00	0.00e+00	0.00e+00	0.00e+00	5.11e-01	2.84e-01	9.49e-02
 1.48108e+13	8.96e-01	1.04e-01	2.57e-06	0.00e+00	0.00e+00	0.00e+00	0.00e+00	0.00e+00	0.00e+00	5.13e-01	2.86e-01	9.54e-02
 1.48772e+13	9.01e-01	9.94e-02	2.36e-06	0.00e+00	0.00e+00	0.00e+00	0.00e+00	0.00e+00	0.00e+00	5.16e-01	2.87e-01	9.58e-02
 1.49444e+13	9.05e-01	9.52e-02	2.17e-06	0.00e+00	0.00e+00	0.00e+00	0.00e+00	0.00e+00	0.00e+00	5.19e-01	2.88e-01	9.63e-02
 1.50118e+13	9.09e-01	9.11e-02	2.00e-06	0.00e+00	0.00e+00	0.00e+00	0.00e+00	0.00e+00	0.00e+00	5.21e-01	2.89e-01	9.67e-02
 1.50786e+13	9.13e-01	8.74e-02	1.84e-06	0.00e+00	0.00e+00	0.00e+00	0.00e+00	0.00e+00	0.00e+00	5.24e-01	2.91e-01	9.71e-02
 1.51451e+13	9.16e-01	8.36e-02	1.69e-06	0.00e+00	0.00e+00	0.00e+00	0.00e+00	0.00e+00	0.00e+00	5.26e-01	2.92e-01	9.74e-02
 1.52123e+13	9.20e-01	8.02e-02	1.56e-06	0.00e+00	0.00e+00	0.00e+00	0.00e+00	0.00e+00	0.00e+00	5.28e-01	2.93e-01	9.78e-02
 1.52801e+13	9.23e-01	7.68e-02	1.43e-06	0.00e+00	0.00e+00	0.00e+00	0.00e+00	0.00e+00	0.00e+00	5.31e-01	2.94e-01	9.81e-02
 1.53477e+13	9.26e-01	7.36e-02	1.32e-06	0.00e+00	0.00e+00	0.00e+00	0.00e+00	0.00e+00	0.00e+00	5.33e-01	2.94e-01	9.84e-02
 1.54157e+13	9.30e-01	7.04e-02	1.21e-06	0.00e+00	0.00e+00	0.00e+00	0.00e+00	0.00e+00	0.00e+00	5.35e-01	2.95e-01	9.87e-02
 1.54847e+13	9.33e-01	6.75e-02	1.12e-06	0.00e+00	0.00e+00	0.00e+00	0.00e+00	0.00e+00	0.00e+00	5.36e-01	2.96e-01	9.90e-02
 1.55539e+13	9.35e-01	6.46e-02	1.03e-06	0.00e+00	0.00e+00	0.00e+00	0.00e+00	0.00e+00	0.00e+00	5.38e-01	2.97e-01	9.93e-02
 1.56226e+13	9.38e-01	6.19e-02	9.46e-07	0.00e+00	0.00e+00	0.00e+00	0.00e+00	0.00e+00	0.00e+00	5.40e-01	2.98e-01	9.96e-02
 1.56921e+13	9.41e-01	5.92e-02	0.00e+00	0.00e+00	0.00e+00	0.00e+00	0.00e+00	0.00e+00	0.00e+00	5.42e-01	2.98e-01	9.98e-02
 1.57630e+13	9.43e-01	5.68e-02	0.00e+00	0.00e+00	0.00e+00	0.00e+00	0.00e+00	0.00e+00	0.00e+00	5.43e-01	2.99e-01	1.00e-01
 1.58340e+13	9.46e-01	5.43e-02	0.00e+00	0.00e+00	0.00e+00	0.00e+00	0.00e+00	0.00e+00	0.00e+00	5.45e-01	3.00e-01	1.00e-01
 1.59050e+13	9.48e-01	5.20e-02	0.00e+00	0.00e+00	0.00e+00	0.00e+00	0.00e+00	0.00e+00	0.00e+00	5.47e-01	3.00e-01	1.01e-01
 1.59768e+13	9.50e-01	4.98e-02	0.00e+00	0.00e+00	0.00e+00	0.00e+00	0.00e+00	0.00e+00	0.00e+00	5.48e-01	3.01e-01	1.01e-01
 1.60500e+13	9.52e-01	4.77e-02	0.00e+00	0.00e+00	0.00e+00	0.00e+00	0.00e+00	0.00e+00	0.00e+00	5.49e-01	3.01e-01	1.01e-01
 1.61236e+13	9.54e-01	4.56e-02	0.00e+00	0.00e+00	0.00e+00	0.00e+00	0.00e+00	0.00e+00	0.00e+00	5.51e-01	3.02e-01	1.01e-01
 1.61977e+13	9.56e-01	4.38e-02	0.00e+00	0.00e+00	0.00e+00	0.00e+00	0.00e+00	0.00e+00	0.00e+00	5.52e-01	3.02e-01	1.01e-01
 1.62725e+13	9.58e-01	4.19e-02	0.00e+00	0.00e+00	0.00e+00	0.00e+00	0.00e+00	0.00e+00	0.00e+00	5.53e-01	3.03e-01	1.01e-01
 1.63477e+13	9.60e-01	4.01e-02	0.00e+00	0.00e+00	0.00e+00	0.00e+00	0.00e+00	0.00e+00	0.00e+00	5.55e-01	3.03e-01	1.02e-01
 1.64242e+13	9.62e-01	3.84e-02	0.00e+00	0.00e+00	0.00e+00	0.00e+00	0.00e+00	0.00e+00	0.00e+00	5.56e-01	3.04e-01	1.02e-01
 1.65025e+13	9.63e-01	3.68e-02	0.00e+00	0.00e+00	0.00e+00	0.00e+00	0.00e+00	0.00e+00	0.00e+00	5.57e-01	3.04e-01	1.02e-01
 1.65812e+13	9.65e-01	3.52e-02	0.00e+00	0.00e+00	0.00e+00	0.00e+00	0.00e+00	0.00e+00	0.00e+00	5.58e-01	3.04e-01	1.02e-01
 1.66597e+13	9.66e-01	3.37e-02	0.00e+00	0.00e+00	0.00e+00	0.00e+00	0.00e+00	0.00e+00	0.00e+00	5.59e-01	3.05e-01	1.02e-01
 1.67398e+13	9.68e-01	3.23e-02	0.00e+00	0.00e+00	0.00e+00	0.00e+00	0.00e+00	0.00e+00	0.00e+00	5.60e-01	3.05e-01	1.02e-01
 1.68223e+13	9.69e-01	3.09e-02	0.00e+00	0.00e+00	0.00e+00	0.00e+00	0.00e+00	0.00e+00	0.00e+00	5.61e-01	3.05e-01	1.02e-01
 1.69052e+13	9.70e-01	2.96e-02	0.00e+00	0.00e+00	0.00e+00	0.00e+00	0.00e+00	0.00e+00	0.00e+00	5.62e-01	3.06e-01	1.02e-01
 1.69878e+13	9.72e-01	2.84e-02	0.00e+00	0.00e+00	0.00e+00	0.00e+00	0.00e+00	0.00e+00	0.00e+00	5.63e-01	3.06e-01	1.03e-01
 1.70726e+13	9.73e-01	2.72e-02	0.00e+00	0.00e+00	0.00e+00	0.00e+00	0.00e+00	0.00e+00	0.00e+00	5.64e-01	3.06e-01	1.03e-01
 1.71600e+13	9.74e-01	2.60e-02	0.00e+00	0.00e+00	0.00e+00	0.00e+00	0.00e+00	0.00e+00	0.00e+00	5.64e-01	3.07e-01	1.03e-01
 1.72481e+13	9.75e-01	2.49e-02	0.00e+00	0.00e+00	0.00e+00	0.00e+00	0.00e+00	0.00e+00	0.00e+00	5.65e-01	3.07e-01	1.03e-01
 1.73365e+13	9.76e-01	2.39e-02	0.00e+00	0.00e+00	0.00e+00	0.00e+00	0.00e+00	0.00e+00	0.00e+00	5.66e-01	3.07e-01	1.03e-01
 1.74266e+13	9.77e-01	2.29e-02	0.00e+00	0.00e+00	0.00e+00	0.00e+00	0.00e+00	0.00e+00	0.00e+00	5.67e-01	3.07e-01	1.03e-01
 1.75188e+13	9.78e-01	2.19e-02	0.00e+00	0.00e+00	0.00e+00	0.00e+00	0.00e+00	0.00e+00	0.00e+00	5.67e-01	3.07e-01	1.03e-01
 1.76121e+13	9.79e-01	2.10e-02	0.00e+00	0.00e+00	0.00e+00	0.00e+00	0.00e+00	0.00e+00	0.00e+00	5.68e-01	3.08e-01	1.03e-01
 1.77064e+13	9.80e-01	2.01e-02	0.00e+00	0.00e+00	0.00e+00	0.00e+00	0.00e+00	0.00e+00	0.00e+00	5.69e-01	3.08e-01	1.03e-01
 1.78022e+13	9.81e-01	1.93e-02	0.00e+00	0.00e+00	0.00e+00	0.00e+00	0.00e+00	0.00e+00	0.00e+00	5.69e-01	3.08e-01	1.03e-01
 1.78998e+13	9.81e-01	1.85e-02	0.00e+00	0.00e+00	0.00e+00	0.00e+00	0.00e+00	0.00e+00	0.00e+00	5.70e-01	3.08e-01	1.03e-01
 1.79985e+13	9.82e-01	1.77e-02	0.00e+00	0.00e+00	0.00e+00	0.00e+00	0.00e+00	0.00e+00	0.00e+00	5.71e-01	3.08e-01	1.03e-01
 1.80989e+13	9.83e-01	1.70e-02	0.00e+00	0.00e+00	0.00e+00	0.00e+00	0.00e+00	0.00e+00	0.00e+00	5.71e-01	3.08e-01	1.03e-01
 1.82018e+13	9.84e-01	1.63e-02	0.00e+00	0.00e+00	0.00e+00	0.00e+00	0.00e+00	0.00e+00	0.00e+00	5.72e-01	3.08e-01	1.03e-01
 1.83059e+13	9.84e-01	1.56e-02	0.00e+00	0.00e+00	0.00e+00	0.00e+00	0.00e+00	0.00e+00	0.00e+00	5.72e-01	3.09e-01	1.03e-01
 1.84112e+13	9.85e-01	1.50e-02	0.00e+00	0.00e+00	0.00e+00	0.00e+00	0.00e+00	0.00e+00	0.00e+00	5.73e-01	3.09e-01	1.03e-01
 1.85167e+13	9.86e-01	1.44e-02	0.00e+00	0.00e+00	0.00e+00	0.00e+00	0.00e+00	0.00e+00	0.00e+00	5.73e-01	3.09e-01	1.03e-01
 1.86241e+13	9.86e-01	1.38e-02	0.00e+00	0.00e+00	0.00e+00	0.00e+00	0.00e+00	0.00e+00	0.00e+00	5.74e-01	3.09e-01	1.03e-01
 1.87347e+13	9.87e-01	1.32e-02	0.00e+00	0.00e+00	0.00e+00	0.00e+00	0.00e+00	0.00e+00	0.00e+00	5.74e-01	3.09e-01	1.03e-01
 1.88462e+13	9.87e-01	1.27e-02	0.00e+00	0.00e+00	0.00e+00	0.00e+00	0.00e+00	0.00e+00	0.00e+00	5.75e-01	3.09e-01	1.03e-01
 1.89570e+13	9.88e-01	1.22e-02	0.00e+00	0.00e+00	0.00e+00	0.00e+00	0.00e+00	0.00e+00	0.00e+00	5.75e-01	3.09e-01	1.03e-01
 1.90696e+13	9.88e-01	1.16e-02	0.00e+00	0.00e+00	0.00e+00	0.00e+00	0.00e+00	0.00e+00	0.00e+00	5.76e-01	3.09e-01	1.03e-01
 1.91862e+13	9.89e-01	1.12e-02	0.00e+00	0.00e+00	0.00e+00	0.00e+00	0.00e+00	0.00e+00	0.00e+00	5.76e-01	3.09e-01	1.03e-01
 1.93011e+13	9.89e-01	1.07e-02	0.00e+00	0.00e+00	0.00e+00	0.00e+00	0.00e+00	0.00e+00	0.00e+00	5.77e-01	3.09e-01	1.03e-01
 1.94165e+13	9.90e-01	1.03e-02	0.00e+00	0.00e+00	0.00e+00	0.00e+00	0.00e+00	0.00e+00	0.00e+00	5.77e-01	3.09e-01	1.03e-01
 1.95316e+13	9.90e-01	9.88e-03	0.00e+00	0.00e+00	0.00e+00	0.00e+00	0.00e+00	0.00e+00	0.00e+00	5.78e-01	3.09e-01	1.03e-01
 1.96467e+13	9.91e-01	9.48e-03	0.00e+00	0.00e+00	0.00e+00	0.00e+00	0.00e+00	0.00e+00	0.00e+00	5.78e-01	3.09e-01	1.03e-01
 1.97661e+13	9.91e-01	9.08e-03	0.00e+00	0.00e+00	0.00e+00	0.00e+00	0.00e+00	0.00e+00	0.00e+00	5.79e-01	3.09e-01	1.03e-01
 1.98858e+13	9.91e-01	8.69e-03	0.00e+00	0.00e+00	0.00e+00	0.00e+00	0.00e+00	0.00e+00	0.00e+00	5.79e-01	3.09e-01	1.03e-01
 2.00047e+13	9.92e-01	8.33e-03	0.00e+00	0.00e+00	0.00e+00	0.00e+00	0.00e+00	0.00e+00	0.00e+00	5.79e-01	3.09e-01	1.03e-01
 2.01235e+13	9.92e-01	7.97e-03	0.00e+00	0.00e+00	0.00e+00	0.00e+00	0.00e+00	0.00e+00	0.00e+00	5.80e-01	3.09e-01	1.03e-01
 2.02426e+13	9.92e-01	7.63e-03	0.00e+00	0.00e+00	0.00e+00	0.00e+00	0.00e+00	0.00e+00	0.00e+00	5.80e-01	3.09e-01	1.03e-01
 2.03614e+13	9.93e-01	7.30e-03	0.00e+00	0.00e+00	0.00e+00	0.00e+00	0.00e+00	0.00e+00	0.00e+00	5.81e-01	3.09e-01	1.03e-01
 2.04797e+13	9.93e-01	6.99e-03	0.00e+00	0.00e+00	0.00e+00	0.00e+00	0.00e+00	0.00e+00	0.00e+00	5.81e-01	3.09e-01	1.03e-01
 2.05979e+13	9.93e-01	6.68e-03	0.00e+00	0.00e+00	0.00e+00	0.00e+00	0.00e+00	0.00e+00	0.00e+00	5.82e-01	3.09e-01	1.03e-01
 2.07160e+13	9.94e-01	6.39e-03	0.00e+00	0.00e+00	0.00e+00	0.00e+00	0.00e+00	0.00e+00	0.00e+00	5.82e-01	3.08e-01	1.03e-01
 2.08327e+13	9.94e-01	6.10e-03	0.00e+00	0.00e+00	0.00e+00	0.00e+00	0.00e+00	0.00e+00	0.00e+00	5.83e-01	3.08e-01	1.03e-01
 2.09482e+13	9.94e-01	5.82e-03	0.00e+00	0.00e+00	0.00e+00	0.00e+00	0.00e+00	0.00e+00	0.00e+00	5.83e-01	3.08e-01	1.03e-01
 2.10637e+13	9.94e-01	5.56e-03	0.00e+00	0.00e+00	0.00e+00	0.00e+00	0.00e+00	0.00e+00	0.00e+00	5.84e-01	3.08e-01	1.02e-01
 2.11788e+13	9.95e-01	5.29e-03	0.00e+00	0.00e+00	0.00e+00	0.00e+00	0.00e+00	0.00e+00	0.00e+00	5.85e-01	3.08e-01	1.02e-01
