#depth	O	O+	O+2	O+3	O+4	O+5	O+6	O+7	O+8	O[1]	O[2]	O[3]
 1.07486e+12	1.57e-07	7.10e-03	8.22e-01	1.71e-01	1.67e-05	3.95e-13	0.00e+00	0.00e+00	0.00e+00	1.37e-07	1.08e-08	9.26e-09
 6.44914e+12	1.57e-07	7.10e-03	8.22e-01	1.71e-01	1.67e-05	0.00e+00	0.00e+00	0.00e+00	0.00e+00	1.37e-07	1.08e-08	9.26e-09
 2.79463e+13	1.57e-07	7.11e-03	8.23e-01	1.70e-01	1.66e-05	0.00e+00	0.00e+00	0.00e+00	0.00e+00	1.37e-07	1.08e-08	9.28e-09
 1.13935e+14	1.59e-07	7.16e-03	8.25e-01	1.68e-01	1.63e-05	0.00e+00	0.00e+00	0.00e+00	0.00e+00	1.39e-07	1.09e-08	9.37e-09
 2.72154e+14	1.61e-07	7.22e-03	8.28e-01	1.65e-01	1.57e-05	0.00e+00	0.00e+00	0.00e+00	0.00e+00	1.41e-07	1.11e-08	9.50e-09
 4.77838e+14	1.65e-07	7.32e-03	8.32e-01	1.61e-01	1.50e-05	0.00e+00	0.00e+00	0.00e+00	0.00e+00	1.44e-07	1.13e-08	9.71e-09
 7.45228e+14	1.70e-07	7.44e-03	8.37e-01	1.55e-01	1.41e-05	0.00e+00	0.00e+00	0.00e+00	0.00e+00	1.49e-07	1.16e-08	9.97e-09
 1.09284e+15	1.77e-07	7.59e-03	8.44e-01	1.49e-01	1.31e-05	0.00e+00	0.00e+00	0.00e+00	0.00e+00	1.54e-07	1.20e-08	1.03e-08
 1.54472e+15	1.85e-07	7.79e-03	8.52e-01	1.40e-01	1.18e-05	0.00e+00	0.00e+00	0.00e+00	0.00e+00	1.62e-07	1.25e-08	1.08e-08
 2.13218e+15	1.96e-07	8.04e-03	8.62e-01	1.30e-01	1.04e-05	0.00e+00	0.00e+00	0.00e+00	0.00e+00	1.71e-07	1.32e-08	1.14e-08
 2.89587e+15	2.11e-07	8.37e-03	8.74e-01	1.17e-01	8.74e-06	0.00e+00	0.00e+00	0.00e+00	0.00e+00	1.84e-07	1.41e-08	1.21e-08
 3.88867e+15	2.31e-07	8.80e-03	8.89e-01	1.02e-01	6.93e-06	0.00e+00	0.00e+00	0.00e+00	0.00e+00	2.03e-07	1.53e-08	1.32e-08
 5.17931e+15	2.59e-07	9.37e-03	9.06e-01	8.43e-02	5.09e-06	0.00e+00	0.00e+00	0.00e+00	0.00e+00	2.28e-07	1.70e-08	1.47e-08
 6.85715e+15	3.00e-07	1.01e-02	9.25e-01	6.51e-02	3.37e-06	0.00e+00	0.00e+00	0.00e+00	0.00e+00	2.64e-07	1.93e-08	1.68e-08
 8.96167e+15	3.55e-07	1.11e-02	9.43e-01	4.64e-02	1.97e-06	0.00e+00	0.00e+00	0.00e+00	0.00e+00	3.13e-07	2.25e-08	1.96e-08
 1.13203e+16	4.26e-07	1.22e-02	9.57e-01	3.11e-02	1.06e-06	0.00e+00	0.00e+00	0.00e+00	0.00e+00	3.76e-07	2.65e-08	2.32e-08
 1.37732e+16	5.11e-07	1.33e-02	9.66e-01	2.03e-02	5.49e-07	0.00e+00	0.00e+00	0.00e+00	0.00e+00	4.52e-07	3.12e-08	2.74e-08
 1.63243e+16	6.12e-07	1.46e-02	9.73e-01	1.29e-02	0.00e+00	0.00e+00	0.00e+00	0.00e+00	0.00e+00	5.43e-07	3.68e-08	3.24e-08
 1.89774e+16	7.31e-07	1.59e-02	9.76e-01	7.99e-03	0.00e+00	0.00e+00	0.00e+00	0.00e+00	0.00e+00	6.50e-07	4.33e-08	3.83e-08
 2.17366e+16	8.74e-07	1.73e-02	9.78e-01	4.88e-03	0.00e+00	0.00e+00	0.00e+00	0.00e+00	0.00e+00	7.78e-07	5.10e-08	4.52e-08
 2.43005e+16	1.02e-06	1.87e-02	9.78e-01	3.12e-03	0.00e+00	0.00e+00	0.00e+00	0.00e+00	0.00e+00	9.13e-07	5.90e-08	5.24e-08
 2.67305e+16	1.18e-06	2.00e-02	9.78e-01	2.04e-03	0.00e+00	0.00e+00	0.00e+00	0.00e+00	0.00e+00	1.06e-06	6.76e-08	6.01e-08
 2.94036e+16	1.38e-06	2.15e-02	9.77e-01	1.29e-03	0.00e+00	0.00e+00	0.00e+00	0.00e+00	0.00e+00	1.23e-06	7.82e-08	6.96e-08
 3.23439e+16	1.63e-06	2.32e-02	9.76e-01	7.86e-04	0.00e+00	0.00e+00	0.00e+00	0.00e+00	0.00e+00	1.46e-06	9.12e-08	8.13e-08
 3.55619e+16	1.94e-06	2.51e-02	9.74e-01	4.64e-04	0.00e+00	0.00e+00	0.00e+00	0.00e+00	0.00e+00	1.73e-06	1.07e-07	9.58e-08
 3.89845e+16	2.31e-06	2.72e-02	9.73e-01	2.70e-04	0.00e+00	0.00e+00	0.00e+00	0.00e+00	0.00e+00	2.07e-06	1.27e-07	1.13e-07
 4.25440e+16	2.76e-06	2.95e-02	9.70e-01	1.56e-04	0.00e+00	0.00e+00	0.00e+00	0.00e+00	0.00e+00	2.48e-06	1.50e-07	1.34e-07
 4.62459e+16	3.30e-06	3.19e-02	9.68e-01	9.02e-05	0.00e+00	0.00e+00	0.00e+00	0.00e+00	0.00e+00	2.97e-06	1.78e-07	1.60e-07
 5.00959e+16	3.95e-06	3.46e-02	9.65e-01	5.21e-05	0.00e+00	0.00e+00	0.00e+00	0.00e+00	0.00e+00	3.55e-06	2.11e-07	1.90e-07
 5.40998e+16	4.73e-06	3.76e-02	9.62e-01	3.01e-05	0.00e+00	0.00e+00	0.00e+00	0.00e+00	0.00e+00	4.25e-06	2.51e-07	2.26e-07
 5.82640e+16	5.66e-06	4.08e-02	9.59e-01	1.75e-05	0.00e+00	0.00e+00	0.00e+00	0.00e+00	0.00e+00	5.09e-06	2.98e-07	2.68e-07
 6.25947e+16	6.78e-06	4.42e-02	9.56e-01	1.02e-05	0.00e+00	0.00e+00	0.00e+00	0.00e+00	0.00e+00	6.10e-06	3.55e-07	3.20e-07
 6.70986e+16	8.13e-06	4.80e-02	9.52e-01	6.00e-06	0.00e+00	0.00e+00	0.00e+00	0.00e+00	0.00e+00	7.33e-06	4.23e-07	3.82e-07
 7.17827e+16	9.75e-06	5.21e-02	9.48e-01	3.57e-06	0.00e+00	0.00e+00	0.00e+00	0.00e+00	0.00e+00	8.79e-06	5.05e-07	4.56e-07
 7.66541e+16	1.17e-05	5.66e-02	9.43e-01	2.15e-06	0.00e+00	0.00e+00	0.00e+00	0.00e+00	0.00e+00	1.06e-05	6.03e-07	5.46e-07
 8.17204e+16	1.41e-05	6.15e-02	9.38e-01	1.32e-06	0.00e+00	0.00e+00	0.00e+00	0.00e+00	0.00e+00	1.27e-05	7.22e-07	6.53e-07
 8.69894e+16	1.69e-05	6.69e-02	9.33e-01	8.30e-07	0.00e+00	0.00e+00	0.00e+00	0.00e+00	0.00e+00	1.53e-05	8.63e-07	7.83e-07
 9.24691e+16	2.04e-05	7.28e-02	9.27e-01	0.00e+00	0.00e+00	0.00e+00	0.00e+00	0.00e+00	0.00e+00	1.84e-05	1.04e-06	9.40e-07
 9.81680e+16	2.46e-05	7.92e-02	9.21e-01	0.00e+00	0.00e+00	0.00e+00	0.00e+00	0.00e+00	0.00e+00	2.22e-05	1.24e-06	1.13e-06
 1.04095e+17	2.97e-05	8.62e-02	9.14e-01	0.00e+00	0.00e+00	0.00e+00	0.00e+00	0.00e+00	0.00e+00	2.68e-05	1.49e-06	1.36e-06
 1.10259e+17	3.58e-05	9.39e-02	9.06e-01	0.00e+00	0.00e+00	0.00e+00	0.00e+00	0.00e+00	0.00e+00	3.24e-05	1.80e-06	1.63e-06
 1.16423e+17	4.31e-05	1.02e-01	8.98e-01	0.00e+00	0.00e+00	0.00e+00	0.00e+00	0.00e+00	0.00e+00	3.90e-05	2.15e-06	1.96e-06
 1.22437e+17	5.12e-05	1.10e-01	8.89e-01	0.00e+00	0.00e+00	0.00e+00	0.00e+00	0.00e+00	0.00e+00	4.63e-05	2.55e-06	2.32e-06
 1.28938e+17	6.15e-05	1.20e-01	8.80e-01	0.00e+00	0.00e+00	0.00e+00	0.00e+00	0.00e+00	0.00e+00	5.57e-05	3.06e-06	2.78e-06
 1.35878e+17	7.44e-05	1.31e-01	8.69e-01	0.00e+00	0.00e+00	0.00e+00	0.00e+00	0.00e+00	0.00e+00	6.73e-05	3.69e-06	3.35e-06
 1.42564e+17	8.89e-05	1.42e-01	8.58e-01	0.00e+00	0.00e+00	0.00e+00	0.00e+00	0.00e+00	0.00e+00	8.05e-05	4.39e-06	4.00e-06
 1.49003e+17	1.05e-04	1.53e-01	8.47e-01	0.00e+00	0.00e+00	0.00e+00	0.00e+00	0.00e+00	0.00e+00	9.51e-05	5.18e-06	4.71e-06
 1.56231e+17	1.27e-04	1.67e-01	8.33e-01	0.00e+00	0.00e+00	0.00e+00	0.00e+00	0.00e+00	0.00e+00	1.15e-04	6.24e-06	5.67e-06
 1.63969e+17	1.53e-04	1.82e-01	8.18e-01	0.00e+00	0.00e+00	0.00e+00	0.00e+00	0.00e+00	0.00e+00	1.39e-04	7.54e-06	6.86e-06
 1.70904e+17	1.82e-04	1.97e-01	8.03e-01	0.00e+00	0.00e+00	0.00e+00	0.00e+00	0.00e+00	0.00e+00	1.65e-04	8.92e-06	8.12e-06
 1.77384e+17	2.13e-04	2.11e-01	7.89e-01	0.00e+00	0.00e+00	0.00e+00	0.00e+00	0.00e+00	0.00e+00	1.93e-04	1.04e-05	9.49e-06
 1.84836e+17	2.56e-04	2.29e-01	7.70e-01	0.00e+00	0.00e+00	0.00e+00	0.00e+00	0.00e+00	0.00e+00	2.32e-04	1.25e-05	1.14e-05
 1.92865e+17	3.09e-04	2.50e-01	7.50e-01	0.00e+00	0.00e+00	0.00e+00	0.00e+00	0.00e+00	0.00e+00	2.80e-04	1.51e-05	1.38e-05
 1.99943e+17	3.66e-04	2.70e-01	7.30e-01	0.00e+00	0.00e+00	0.00e+00	0.00e+00	0.00e+00	0.00e+00	3.31e-04	1.79e-05	1.63e-05
 2.06392e+17	4.26e-04	2.89e-01	7.11e-01	0.00e+00	0.00e+00	0.00e+00	0.00e+00	0.00e+00	0.00e+00	3.86e-04	2.08e-05	1.90e-05
 2.13722e+17	5.10e-04	3.12e-01	6.87e-01	0.00e+00	0.00e+00	0.00e+00	0.00e+00	0.00e+00	0.00e+00	4.62e-04	2.49e-05	2.27e-05
 2.21570e+17	6.16e-04	3.39e-01	6.60e-01	0.00e+00	0.00e+00	0.00e+00	0.00e+00	0.00e+00	0.00e+00	5.58e-04	3.01e-05	2.75e-05
 2.28363e+17	7.26e-04	3.64e-01	6.35e-01	0.00e+00	0.00e+00	0.00e+00	0.00e+00	0.00e+00	0.00e+00	6.58e-04	3.55e-05	3.25e-05
 2.34397e+17	8.44e-04	3.89e-01	6.11e-01	0.00e+00	0.00e+00	0.00e+00	0.00e+00	0.00e+00	0.00e+00	7.65e-04	4.13e-05	3.78e-05
 2.41174e+17	1.00e-03	4.18e-01	5.81e-01	0.00e+00	0.00e+00	0.00e+00	0.00e+00	0.00e+00	0.00e+00	9.10e-04	4.92e-05	4.51e-05
 2.48394e+17	1.21e-03	4.52e-01	5.47e-01	0.00e+00	0.00e+00	0.00e+00	0.00e+00	0.00e+00	0.00e+00	1.10e-03	5.94e-05	5.45e-05
 2.54540e+17	1.43e-03	4.83e-01	5.15e-01	0.00e+00	0.00e+00	0.00e+00	0.00e+00	0.00e+00	0.00e+00	1.29e-03	7.01e-05	6.44e-05
 2.59859e+17	1.65e-03	5.12e-01	4.86e-01	0.00e+00	0.00e+00	0.00e+00	0.00e+00	0.00e+00	0.00e+00	1.49e-03	8.12e-05	7.47e-05
 2.65755e+17	1.95e-03	5.46e-01	4.52e-01	0.00e+00	0.00e+00	0.00e+00	0.00e+00	0.00e+00	0.00e+00	1.76e-03	9.62e-05	8.86e-05
 2.72047e+17	2.34e-03	5.86e-01	4.12e-01	0.00e+00	0.00e+00	0.00e+00	0.00e+00	0.00e+00	0.00e+00	2.12e-03	1.16e-04	1.07e-04
 2.77346e+17	2.75e-03	6.21e-01	3.76e-01	0.00e+00	0.00e+00	0.00e+00	0.00e+00	0.00e+00	0.00e+00	2.49e-03	1.36e-04	1.26e-04
 2.81836e+17	3.18e-03	6.53e-01	3.44e-01	0.00e+00	0.00e+00	0.00e+00	0.00e+00	0.00e+00	0.00e+00	2.88e-03	1.58e-04	1.46e-04
 2.86782e+17	3.74e-03	6.88e-01	3.08e-01	0.00e+00	0.00e+00	0.00e+00	0.00e+00	0.00e+00	0.00e+00	3.38e-03	1.86e-04	1.72e-04
 2.92045e+17	4.47e-03	7.28e-01	2.68e-01	0.00e+00	0.00e+00	0.00e+00	0.00e+00	0.00e+00	0.00e+00	4.04e-03	2.23e-04	2.07e-04
 2.96453e+17	5.24e-03	7.62e-01	2.33e-01	0.00e+00	0.00e+00	0.00e+00	0.00e+00	0.00e+00	0.00e+00	4.73e-03	2.62e-04	2.44e-04
 3.00126e+17	6.02e-03	7.91e-01	2.03e-01	0.00e+00	0.00e+00	0.00e+00	0.00e+00	0.00e+00	0.00e+00	5.43e-03	3.02e-04	2.81e-04
 3.04110e+17	7.02e-03	8.21e-01	1.72e-01	0.00e+00	0.00e+00	0.00e+00	0.00e+00	0.00e+00	0.00e+00	6.34e-03	3.52e-04	3.28e-04
 3.08402e+17	8.37e-03	8.54e-01	1.38e-01	0.00e+00	0.00e+00	0.00e+00	0.00e+00	0.00e+00	0.00e+00	7.56e-03	4.21e-04	3.91e-04
 3.12043e+17	9.83e-03	8.80e-01	1.10e-01	0.00e+00	0.00e+00	0.00e+00	0.00e+00	0.00e+00	0.00e+00	8.88e-03	4.95e-04	4.60e-04
 3.14674e+17	1.11e-02	8.99e-01	9.01e-02	0.00e+00	0.00e+00	0.00e+00	0.00e+00	0.00e+00	0.00e+00	1.01e-02	5.61e-04	5.21e-04
 3.16575e+17	1.22e-02	9.11e-01	7.66e-02	0.00e+00	0.00e+00	0.00e+00	0.00e+00	0.00e+00	0.00e+00	1.11e-02	6.16e-04	5.73e-04
 3.18308e+17	1.34e-02	9.22e-01	6.49e-02	0.00e+00	0.00e+00	0.00e+00	0.00e+00	0.00e+00	0.00e+00	1.21e-02	6.74e-04	6.26e-04
 3.20294e+17	1.50e-02	9.33e-01	5.24e-02	0.00e+00	0.00e+00	0.00e+00	0.00e+00	0.00e+00	0.00e+00	1.35e-02	7.53e-04	7.00e-04
 3.22406e+17	1.67e-02	9.43e-01	4.04e-02	0.00e+00	0.00e+00	0.00e+00	0.00e+00	0.00e+00	0.00e+00	1.50e-02	8.39e-04	7.79e-04
 3.24045e+17	1.83e-02	9.50e-01	3.16e-02	0.00e+00	0.00e+00	0.00e+00	0.00e+00	0.00e+00	0.00e+00	1.65e-02	9.20e-04	8.54e-04
 3.25167e+17	1.95e-02	9.54e-01	2.60e-02	0.00e+00	0.00e+00	0.00e+00	0.00e+00	0.00e+00	0.00e+00	1.76e-02	9.83e-04	9.13e-04
 3.26102e+17	2.06e-02	9.58e-01	2.18e-02	0.00e+00	0.00e+00	0.00e+00	0.00e+00	0.00e+00	0.00e+00	1.86e-02	1.04e-03	9.66e-04
 3.27160e+17	2.21e-02	9.60e-01	1.75e-02	0.00e+00	0.00e+00	0.00e+00	0.00e+00	0.00e+00	0.00e+00	1.99e-02	1.11e-03	1.03e-03
 3.28321e+17	2.38e-02	9.63e-01	1.33e-02	0.00e+00	0.00e+00	0.00e+00	0.00e+00	0.00e+00	0.00e+00	2.15e-02	1.20e-03	1.11e-03
 3.29336e+17	2.55e-02	9.64e-01	1.01e-02	0.00e+00	0.00e+00	0.00e+00	0.00e+00	0.00e+00	0.00e+00	2.30e-02	1.28e-03	1.19e-03
 3.30196e+17	2.70e-02	9.65e-01	7.82e-03	0.00e+00	0.00e+00	0.00e+00	0.00e+00	0.00e+00	0.00e+00	2.43e-02	1.36e-03	1.26e-03
 3.31132e+17	2.88e-02	9.65e-01	5.77e-03	0.00e+00	0.00e+00	0.00e+00	0.00e+00	0.00e+00	0.00e+00	2.60e-02	1.45e-03	1.35e-03
 3.32350e+17	3.15e-02	9.65e-01	3.77e-03	0.00e+00	0.00e+00	0.00e+00	0.00e+00	0.00e+00	0.00e+00	2.84e-02	1.58e-03	1.47e-03
 3.33674e+17	3.48e-02	9.63e-01	2.26e-03	0.00e+00	0.00e+00	0.00e+00	0.00e+00	0.00e+00	0.00e+00	3.15e-02	1.75e-03	1.62e-03
 3.35137e+17	3.94e-02	9.59e-01	1.25e-03	0.00e+00	0.00e+00	0.00e+00	0.00e+00	0.00e+00	0.00e+00	3.56e-02	1.97e-03	1.83e-03
 3.37037e+17	4.67e-02	9.53e-01	5.61e-04	0.00e+00	0.00e+00	0.00e+00	0.00e+00	0.00e+00	0.00e+00	4.22e-02	2.33e-03	2.17e-03
 3.39174e+17	5.81e-02	9.42e-01	2.20e-04	0.00e+00	0.00e+00	0.00e+00	0.00e+00	0.00e+00	0.00e+00	5.26e-02	2.88e-03	2.68e-03
 3.41104e+17	7.34e-02	9.27e-01	9.24e-05	0.00e+00	0.00e+00	0.00e+00	0.00e+00	0.00e+00	0.00e+00	6.64e-02	3.62e-03	3.37e-03
 3.42468e+17	8.92e-02	9.11e-01	4.94e-05	0.00e+00	0.00e+00	0.00e+00	0.00e+00	0.00e+00	0.00e+00	8.08e-02	4.36e-03	4.06e-03
 3.43307e+17	1.02e-01	8.98e-01	3.33e-05	0.00e+00	0.00e+00	0.00e+00	0.00e+00	0.00e+00	0.00e+00	9.20e-02	4.93e-03	4.60e-03
 3.44097e+17	1.16e-01	8.84e-01	2.24e-05	0.00e+00	0.00e+00	0.00e+00	0.00e+00	0.00e+00	0.00e+00	1.05e-01	5.59e-03	5.23e-03
 3.45123e+17	1.41e-01	8.59e-01	1.31e-05	0.00e+00	0.00e+00	0.00e+00	0.00e+00	0.00e+00	0.00e+00	1.28e-01	6.65e-03	6.24e-03
 3.46112e+17	1.72e-01	8.28e-01	7.66e-06	0.00e+00	0.00e+00	0.00e+00	0.00e+00	0.00e+00	0.00e+00	1.57e-01	7.97e-03	7.51e-03
 3.46787e+17	2.01e-01	7.99e-01	5.17e-06	0.00e+00	0.00e+00	0.00e+00	0.00e+00	0.00e+00	0.00e+00	1.83e-01	9.12e-03	8.62e-03
 3.47280e+17	2.28e-01	7.72e-01	3.80e-06	0.00e+00	0.00e+00	0.00e+00	0.00e+00	0.00e+00	0.00e+00	2.08e-01	1.01e-02	9.59e-03
 3.47806e+17	2.61e-01	7.39e-01	2.66e-06	0.00e+00	0.00e+00	0.00e+00	0.00e+00	0.00e+00	0.00e+00	2.39e-01	1.13e-02	1.08e-02
 3.48389e+17	3.06e-01	6.94e-01	1.76e-06	0.00e+00	0.00e+00	0.00e+00	0.00e+00	0.00e+00	0.00e+00	2.81e-01	1.27e-02	1.22e-02
 3.48887e+17	3.52e-01	6.48e-01	1.22e-06	0.00e+00	0.00e+00	0.00e+00	0.00e+00	0.00e+00	0.00e+00	3.25e-01	1.40e-02	1.36e-02
 3.49236e+17	3.90e-01	6.10e-01	9.23e-07	0.00e+00	0.00e+00	0.00e+00	0.00e+00	0.00e+00	0.00e+00	3.60e-01	1.49e-02	1.45e-02
 3.49480e+17	4.18e-01	5.82e-01	0.00e+00	0.00e+00	0.00e+00	0.00e+00	0.00e+00	0.00e+00	0.00e+00	3.88e-01	1.56e-02	1.52e-02
 3.49685e+17	4.45e-01	5.55e-01	0.00e+00	0.00e+00	0.00e+00	0.00e+00	0.00e+00	0.00e+00	0.00e+00	4.13e-01	1.60e-02	1.57e-02
 3.49886e+17	4.71e-01	5.29e-01	0.00e+00	0.00e+00	0.00e+00	0.00e+00	0.00e+00	0.00e+00	0.00e+00	4.39e-01	1.65e-02	1.62e-02
 3.50080e+17	4.98e-01	5.02e-01	0.00e+00	0.00e+00	0.00e+00	0.00e+00	0.00e+00	0.00e+00	0.00e+00	4.64e-01	1.68e-02	1.67e-02
 3.50251e+17	5.21e-01	4.79e-01	0.00e+00	0.00e+00	0.00e+00	0.00e+00	0.00e+00	0.00e+00	0.00e+00	4.87e-01	1.71e-02	1.70e-02
 3.50398e+17	5.43e-01	4.57e-01	0.00e+00	0.00e+00	0.00e+00	0.00e+00	0.00e+00	0.00e+00	0.00e+00	5.09e-01	1.73e-02	1.72e-02
 3.50537e+17	5.63e-01	4.37e-01	0.00e+00	0.00e+00	0.00e+00	0.00e+00	0.00e+00	0.00e+00	0.00e+00	5.28e-01	1.74e-02	1.74e-02
 3.50670e+17	5.83e-01	4.17e-01	0.00e+00	0.00e+00	0.00e+00	0.00e+00	0.00e+00	0.00e+00	0.00e+00	5.48e-01	1.75e-02	1.76e-02
 3.50774e+17	5.98e-01	4.02e-01	0.00e+00	0.00e+00	0.00e+00	0.00e+00	0.00e+00	0.00e+00	0.00e+00	5.63e-01	1.75e-02	1.76e-02
 3.50849e+17	6.09e-01	3.91e-01	0.00e+00	0.00e+00	0.00e+00	0.00e+00	0.00e+00	0.00e+00	0.00e+00	5.74e-01	1.75e-02	1.77e-02
 3.50920e+17	6.20e-01	3.80e-01	0.00e+00	0.00e+00	0.00e+00	0.00e+00	0.00e+00	0.00e+00	0.00e+00	5.85e-01	1.75e-02	1.76e-02
 3.51000e+17	6.33e-01	3.67e-01	0.00e+00	0.00e+00	0.00e+00	0.00e+00	0.00e+00	0.00e+00	0.00e+00	5.98e-01	1.74e-02	1.76e-02
 3.51081e+17	6.45e-01	3.55e-01	0.00e+00	0.00e+00	0.00e+00	0.00e+00	0.00e+00	0.00e+00	0.00e+00	6.10e-01	1.73e-02	1.75e-02
 3.51161e+17	6.57e-01	3.43e-01	0.00e+00	0.00e+00	0.00e+00	0.00e+00	0.00e+00	0.00e+00	0.00e+00	6.22e-01	1.73e-02	1.75e-02
 3.51238e+17	6.69e-01	3.31e-01	0.00e+00	0.00e+00	0.00e+00	0.00e+00	0.00e+00	0.00e+00	0.00e+00	6.34e-01	1.72e-02	1.74e-02
 3.51315e+17	6.80e-01	3.20e-01	0.00e+00	0.00e+00	0.00e+00	0.00e+00	0.00e+00	0.00e+00	0.00e+00	6.46e-01	1.70e-02	1.72e-02
 3.51391e+17	6.91e-01	3.09e-01	0.00e+00	0.00e+00	0.00e+00	0.00e+00	0.00e+00	0.00e+00	0.00e+00	6.57e-01	1.69e-02	1.71e-02
 3.51466e+17	7.02e-01	2.98e-01	0.00e+00	0.00e+00	0.00e+00	0.00e+00	0.00e+00	0.00e+00	0.00e+00	6.69e-01	1.68e-02	1.70e-02
 3.51541e+17	7.13e-01	2.87e-01	0.00e+00	0.00e+00	0.00e+00	0.00e+00	0.00e+00	0.00e+00	0.00e+00	6.80e-01	1.66e-02	1.68e-02
 3.51614e+17	7.24e-01	2.76e-01	0.00e+00	0.00e+00	0.00e+00	0.00e+00	0.00e+00	0.00e+00	0.00e+00	6.91e-01	1.65e-02	1.66e-02
 3.51686e+17	7.34e-01	2.66e-01	0.00e+00	0.00e+00	0.00e+00	0.00e+00	0.00e+00	0.00e+00	0.00e+00	7.01e-01	1.63e-02	1.64e-02
 3.51758e+17	7.44e-01	2.56e-01	0.00e+00	0.00e+00	0.00e+00	0.00e+00	0.00e+00	0.00e+00	0.00e+00	7.12e-01	1.61e-02	1.62e-02
 3.51829e+17	7.54e-01	2.46e-01	0.00e+00	0.00e+00	0.00e+00	0.00e+00	0.00e+00	0.00e+00	0.00e+00	7.22e-01	1.59e-02	1.60e-02
 3.51900e+17	7.64e-01	2.36e-01	0.00e+00	0.00e+00	0.00e+00	0.00e+00	0.00e+00	0.00e+00	0.00e+00	7.32e-01	1.57e-02	1.58e-02
 3.51969e+17	7.73e-01	2.27e-01	0.00e+00	0.00e+00	0.00e+00	0.00e+00	0.00e+00	0.00e+00	0.00e+00	7.42e-01	1.54e-02	1.55e-02
 3.52038e+17	7.82e-01	2.18e-01	0.00e+00	0.00e+00	0.00e+00	0.00e+00	0.00e+00	0.00e+00	0.00e+00	7.51e-01	1.52e-02	1.53e-02
 3.52107e+17	7.91e-01	2.09e-01	0.00e+00	0.00e+00	0.00e+00	0.00e+00	0.00e+00	0.00e+00	0.00e+00	7.61e-01	1.50e-02	1.50e-02
 3.52175e+17	7.99e-01	2.01e-01	0.00e+00	0.00e+00	0.00e+00	0.00e+00	0.00e+00	0.00e+00	0.00e+00	7.70e-01	1.48e-02	1.48e-02
 3.52241e+17	8.08e-01	1.92e-01	0.00e+00	0.00e+00	0.00e+00	0.00e+00	0.00e+00	0.00e+00	0.00e+00	7.79e-01	1.45e-02	1.45e-02
 3.52305e+17	8.15e-01	1.85e-01	0.00e+00	0.00e+00	0.00e+00	0.00e+00	0.00e+00	0.00e+00	0.00e+00	7.87e-01	1.43e-02	1.42e-02
 3.52369e+17	8.23e-01	1.77e-01	0.00e+00	0.00e+00	0.00e+00	0.00e+00	0.00e+00	0.00e+00	0.00e+00	7.95e-01	1.40e-02	1.39e-02
 3.52432e+17	8.31e-01	1.69e-01	0.00e+00	0.00e+00	0.00e+00	0.00e+00	0.00e+00	0.00e+00	0.00e+00	8.03e-01	1.38e-02	1.36e-02
 3.52494e+17	8.38e-01	1.62e-01	0.00e+00	0.00e+00	0.00e+00	0.00e+00	0.00e+00	0.00e+00	0.00e+00	8.11e-01	1.35e-02	1.33e-02
 3.52553e+17	8.45e-01	1.55e-01	0.00e+00	0.00e+00	0.00e+00	0.00e+00	0.00e+00	0.00e+00	0.00e+00	8.18e-01	1.33e-02	1.31e-02
 3.52610e+17	8.51e-01	1.49e-01	0.00e+00	0.00e+00	0.00e+00	0.00e+00	0.00e+00	0.00e+00	0.00e+00	8.25e-01	1.30e-02	1.28e-02
 3.52666e+17	8.57e-01	1.43e-01	0.00e+00	0.00e+00	0.00e+00	0.00e+00	0.00e+00	0.00e+00	0.00e+00	8.32e-01	1.28e-02	1.25e-02
 3.52720e+17	8.63e-01	1.37e-01	0.00e+00	0.00e+00	0.00e+00	0.00e+00	0.00e+00	0.00e+00	0.00e+00	8.39e-01	1.25e-02	1.22e-02
 3.52773e+17	8.69e-01	1.31e-01	0.00e+00	0.00e+00	0.00e+00	0.00e+00	0.00e+00	0.00e+00	0.00e+00	8.45e-01	1.23e-02	1.19e-02
 3.52824e+17	8.75e-01	1.25e-01	0.00e+00	0.00e+00	0.00e+00	0.00e+00	0.00e+00	0.00e+00	0.00e+00	8.51e-01	1.20e-02	1.16e-02
 3.52871e+17	8.80e-01	1.20e-01	0.00e+00	0.00e+00	0.00e+00	0.00e+00	0.00e+00	0.00e+00	0.00e+00	8.57e-01	1.18e-02	1.13e-02
 3.52911e+17	8.85e-01	1.15e-01	0.00e+00	0.00e+00	0.00e+00	0.00e+00	0.00e+00	0.00e+00	0.00e+00	8.62e-01	1.15e-02	1.10e-02
 3.52945e+17	8.89e-01	1.11e-01	0.00e+00	0.00e+00	0.00e+00	0.00e+00	0.00e+00	0.00e+00	0.00e+00	8.66e-01	1.13e-02	1.08e-02
 3.52974e+17	8.92e-01	1.08e-01	0.00e+00	0.00e+00	0.00e+00	0.00e+00	0.00e+00	0.00e+00	0.00e+00	8.70e-01	1.11e-02	1.06e-02
 3.53000e+17	8.95e-01	1.05e-01	0.00e+00	0.00e+00	0.00e+00	0.00e+00	0.00e+00	0.00e+00	0.00e+00	8.74e-01	1.09e-02	1.04e-02
 3.53023e+17	8.98e-01	1.02e-01	0.00e+00	0.00e+00	0.00e+00	0.00e+00	0.00e+00	0.00e+00	0.00e+00	8.77e-01	1.08e-02	1.02e-02
 3.53043e+17	9.01e-01	9.92e-02	0.00e+00	0.00e+00	0.00e+00	0.00e+00	0.00e+00	0.00e+00	0.00e+00	8.80e-01	1.06e-02	1.00e-02
