#depth	O	O+	O+2	O+3	O+4	O+5	O+6	O+7	O+8	O[1]	O[2]	O[3]
 7.77798e+09	3.16e-03	6.02e-01	3.95e-01	3.87e-04	0.00e+00	0.00e+00	0.00e+00	0.00e+00	0.00e+00	1.84e-03	9.76e-04	3.34e-04
 4.66679e+10	3.16e-03	6.02e-01	3.95e-01	3.87e-04	4.38e-10	0.00e+00	0.00e+00	0.00e+00	0.00e+00	1.84e-03	9.77e-04	3.34e-04
 2.02227e+11	3.16e-03	6.02e-01	3.95e-01	3.86e-04	0.00e+00	0.00e+00	0.00e+00	0.00e+00	0.00e+00	1.84e-03	9.77e-04	3.34e-04
 8.24466e+11	3.16e-03	6.02e-01	3.95e-01	3.82e-04	0.00e+00	0.00e+00	0.00e+00	0.00e+00	0.00e+00	1.84e-03	9.76e-04	3.33e-04
 1.96938e+12	3.14e-03	6.01e-01	3.96e-01	3.78e-04	0.00e+00	0.00e+00	0.00e+00	0.00e+00	0.00e+00	1.83e-03	9.70e-04	3.31e-04
 3.45778e+12	3.12e-03	6.00e-01	3.97e-01	3.72e-04	0.00e+00	0.00e+00	0.00e+00	0.00e+00	0.00e+00	1.81e-03	9.62e-04	3.29e-04
 5.39269e+12	3.09e-03	5.99e-01	3.97e-01	3.64e-04	0.00e+00	0.00e+00	0.00e+00	0.00e+00	0.00e+00	1.80e-03	9.56e-04	3.27e-04
 7.90808e+12	3.07e-03	5.99e-01	3.98e-01	3.53e-04	0.00e+00	0.00e+00	0.00e+00	0.00e+00	0.00e+00	1.79e-03	9.49e-04	3.24e-04
 1.11781e+13	3.05e-03	5.98e-01	3.98e-01	3.38e-04	0.00e+00	0.00e+00	0.00e+00	0.00e+00	0.00e+00	1.77e-03	9.41e-04	3.22e-04
 1.54291e+13	3.02e-03	5.98e-01	3.99e-01	3.20e-04	0.00e+00	0.00e+00	0.00e+00	0.00e+00	0.00e+00	1.76e-03	9.32e-04	3.19e-04
 2.09554e+13	2.99e-03	5.98e-01	3.99e-01	2.96e-04	0.00e+00	0.00e+00	0.00e+00	0.00e+00	0.00e+00	1.74e-03	9.24e-04	3.16e-04
 2.81396e+13	2.97e-03	5.98e-01	3.99e-01	2.67e-04	0.00e+00	0.00e+00	0.00e+00	0.00e+00	0.00e+00	1.73e-03	9.16e-04	3.13e-04
 3.74790e+13	2.95e-03	5.99e-01	3.98e-01	2.32e-04	0.00e+00	0.00e+00	0.00e+00	0.00e+00	0.00e+00	1.72e-03	9.10e-04	3.11e-04
 4.96203e+13	2.94e-03	6.02e-01	3.95e-01	1.92e-04	0.00e+00	0.00e+00	0.00e+00	0.00e+00	0.00e+00	1.71e-03	9.07e-04	3.10e-04
 6.54040e+13	2.94e-03	6.05e-01	3.91e-01	1.49e-04	0.00e+00	0.00e+00	0.00e+00	0.00e+00	0.00e+00	1.71e-03	9.08e-04	3.11e-04
 8.59228e+13	2.96e-03	6.11e-01	3.86e-01	1.07e-04	0.00e+00	0.00e+00	0.00e+00	0.00e+00	0.00e+00	1.73e-03	9.15e-04	3.13e-04
 1.12597e+14	3.02e-03	6.20e-01	3.77e-01	6.88e-05	0.00e+00	0.00e+00	0.00e+00	0.00e+00	0.00e+00	1.76e-03	9.32e-04	3.19e-04
 1.47274e+14	3.12e-03	6.32e-01	3.65e-01	3.88e-05	0.00e+00	0.00e+00	0.00e+00	0.00e+00	0.00e+00	1.82e-03	9.64e-04	3.30e-04
 1.92354e+14	3.30e-03	6.49e-01	3.48e-01	1.86e-05	0.00e+00	0.00e+00	0.00e+00	0.00e+00	0.00e+00	1.92e-03	1.02e-03	3.49e-04
 2.50957e+14	3.59e-03	6.72e-01	3.25e-01	7.32e-06	0.00e+00	0.00e+00	0.00e+00	0.00e+00	0.00e+00	2.09e-03	1.11e-03	3.80e-04
 2.98285e+14	3.77e-03	6.87e-01	3.09e-01	3.68e-06	0.00e+00	0.00e+00	0.00e+00	0.00e+00	0.00e+00	2.20e-03	1.16e-03	4.00e-04
 3.28114e+14	3.99e-03	7.00e-01	2.96e-01	2.40e-06	0.00e+00	0.00e+00	0.00e+00	0.00e+00	0.00e+00	2.32e-03	1.23e-03	4.22e-04
 3.60925e+14	4.26e-03	7.15e-01	2.81e-01	1.53e-06	0.00e+00	0.00e+00	0.00e+00	0.00e+00	0.00e+00	2.48e-03	1.31e-03	4.51e-04
 3.97018e+14	4.60e-03	7.32e-01	2.63e-01	9.69e-07	0.00e+00	0.00e+00	0.00e+00	0.00e+00	0.00e+00	2.68e-03	1.42e-03	4.87e-04
 4.36719e+14	5.05e-03	7.52e-01	2.43e-01	0.00e+00	0.00e+00	0.00e+00	0.00e+00	0.00e+00	0.00e+00	2.94e-03	1.56e-03	5.34e-04
 4.80391e+14	5.64e-03	7.74e-01	2.20e-01	0.00e+00	0.00e+00	0.00e+00	0.00e+00	0.00e+00	0.00e+00	3.29e-03	1.74e-03	5.98e-04
 5.28430e+14	6.44e-03	8.00e-01	1.94e-01	0.00e+00	0.00e+00	0.00e+00	0.00e+00	0.00e+00	0.00e+00	3.76e-03	1.99e-03	6.82e-04
 5.73337e+14	7.38e-03	8.24e-01	1.68e-01	0.00e+00	0.00e+00	0.00e+00	0.00e+00	0.00e+00	0.00e+00	4.30e-03	2.28e-03	7.81e-04
 6.08623e+14	8.30e-03	8.44e-01	1.48e-01	0.00e+00	0.00e+00	0.00e+00	0.00e+00	0.00e+00	0.00e+00	4.84e-03	2.56e-03	8.79e-04
 6.38539e+14	9.24e-03	8.61e-01	1.30e-01	0.00e+00	0.00e+00	0.00e+00	0.00e+00	0.00e+00	0.00e+00	5.39e-03	2.85e-03	9.79e-04
 6.71597e+14	1.05e-02	8.80e-01	1.10e-01	0.00e+00	0.00e+00	0.00e+00	0.00e+00	0.00e+00	0.00e+00	6.13e-03	3.25e-03	1.11e-03
 7.06283e+14	1.22e-02	8.98e-01	8.95e-02	0.00e+00	0.00e+00	0.00e+00	0.00e+00	0.00e+00	0.00e+00	7.09e-03	3.75e-03	1.29e-03
 7.35325e+14	1.39e-02	9.13e-01	7.28e-02	0.00e+00	0.00e+00	0.00e+00	0.00e+00	0.00e+00	0.00e+00	8.12e-03	4.30e-03	1.47e-03
 7.59834e+14	1.58e-02	9.25e-01	5.92e-02	0.00e+00	0.00e+00	0.00e+00	0.00e+00	0.00e+00	0.00e+00	9.20e-03	4.87e-03	1.67e-03
 7.81578e+14	1.78e-02	9.34e-01	4.78e-02	0.00e+00	0.00e+00	0.00e+00	0.00e+00	0.00e+00	0.00e+00	1.04e-02	5.49e-03	1.88e-03
 8.01214e+14	2.00e-02	9.42e-01	3.81e-02	0.00e+00	0.00e+00	0.00e+00	0.00e+00	0.00e+00	0.00e+00	1.16e-02	6.16e-03	2.11e-03
 8.19006e+14	2.23e-02	9.48e-01	3.00e-02	0.00e+00	0.00e+00	0.00e+00	0.00e+00	0.00e+00	0.00e+00	1.30e-02	6.88e-03	2.36e-03
 8.34885e+14	2.49e-02	9.52e-01	2.33e-02	0.00e+00	0.00e+00	0.00e+00	0.00e+00	0.00e+00	0.00e+00	1.45e-02	7.67e-03	2.63e-03
 8.48942e+14	2.75e-02	9.54e-01	1.80e-02	0.00e+00	0.00e+00	0.00e+00	0.00e+00	0.00e+00	0.00e+00	1.60e-02	8.49e-03	2.91e-03
 8.61477e+14	3.03e-02	9.56e-01	1.38e-02	0.00e+00	0.00e+00	0.00e+00	0.00e+00	0.00e+00	0.00e+00	1.77e-02	9.35e-03	3.21e-03
 8.72894e+14	3.32e-02	9.56e-01	1.05e-02	0.00e+00	0.00e+00	0.00e+00	0.00e+00	0.00e+00	0.00e+00	1.94e-02	1.02e-02	3.51e-03
 8.83763e+14	3.65e-02	9.56e-01	7.78e-03	0.00e+00	0.00e+00	0.00e+00	0.00e+00	0.00e+00	0.00e+00	2.13e-02	1.13e-02	3.86e-03
 8.94266e+14	4.01e-02	9.54e-01	5.64e-03	0.00e+00	0.00e+00	0.00e+00	0.00e+00	0.00e+00	0.00e+00	2.34e-02	1.24e-02	4.25e-03
 9.04426e+14	4.41e-02	9.52e-01	4.00e-03	0.00e+00	0.00e+00	0.00e+00	0.00e+00	0.00e+00	0.00e+00	2.57e-02	1.36e-02	4.67e-03
 9.16002e+14	4.96e-02	9.48e-01	2.59e-03	0.00e+00	0.00e+00	0.00e+00	0.00e+00	0.00e+00	0.00e+00	2.89e-02	1.53e-02	5.25e-03
 9.28707e+14	5.69e-02	9.42e-01	1.56e-03	0.00e+00	0.00e+00	0.00e+00	0.00e+00	0.00e+00	0.00e+00	3.32e-02	1.75e-02	6.02e-03
 9.40708e+14	6.60e-02	9.33e-01	9.24e-04	0.00e+00	0.00e+00	0.00e+00	0.00e+00	0.00e+00	0.00e+00	3.85e-02	2.03e-02	6.99e-03
 9.52034e+14	7.69e-02	9.23e-01	5.52e-04	0.00e+00	0.00e+00	0.00e+00	0.00e+00	0.00e+00	0.00e+00	4.49e-02	2.37e-02	8.14e-03
 9.62481e+14	8.97e-02	9.10e-01	3.38e-04	0.00e+00	0.00e+00	0.00e+00	0.00e+00	0.00e+00	0.00e+00	5.24e-02	2.76e-02	9.50e-03
 9.71883e+14	1.05e-01	8.95e-01	2.13e-04	0.00e+00	0.00e+00	0.00e+00	0.00e+00	0.00e+00	0.00e+00	6.14e-02	3.23e-02	1.11e-02
 9.80140e+14	1.22e-01	8.78e-01	1.39e-04	0.00e+00	0.00e+00	0.00e+00	0.00e+00	0.00e+00	0.00e+00	7.14e-02	3.76e-02	1.29e-02
 9.87422e+14	1.42e-01	8.58e-01	9.39e-05	0.00e+00	0.00e+00	0.00e+00	0.00e+00	0.00e+00	0.00e+00	8.27e-02	4.34e-02	1.50e-02
 9.94119e+14	1.64e-01	8.36e-01	6.42e-05	0.00e+00	0.00e+00	0.00e+00	0.00e+00	0.00e+00	0.00e+00	9.57e-02	5.01e-02	1.73e-02
 1.00038e+15	1.89e-01	8.11e-01	4.41e-05	0.00e+00	0.00e+00	0.00e+00	0.00e+00	0.00e+00	0.00e+00	1.11e-01	5.79e-02	2.00e-02
 1.00622e+15	2.19e-01	7.81e-01	3.04e-05	0.00e+00	0.00e+00	0.00e+00	0.00e+00	0.00e+00	0.00e+00	1.29e-01	6.70e-02	2.32e-02
 1.01158e+15	2.53e-01	7.47e-01	2.12e-05	0.00e+00	0.00e+00	0.00e+00	0.00e+00	0.00e+00	0.00e+00	1.49e-01	7.72e-02	2.68e-02
 1.01651e+15	2.91e-01	7.09e-01	1.49e-05	0.00e+00	0.00e+00	0.00e+00	0.00e+00	0.00e+00	0.00e+00	1.71e-01	8.84e-02	3.08e-02
 1.02098e+15	3.31e-01	6.69e-01	1.06e-05	0.00e+00	0.00e+00	0.00e+00	0.00e+00	0.00e+00	0.00e+00	1.95e-01	1.00e-01	3.51e-02
 1.02471e+15	3.70e-01	6.30e-01	7.83e-06	0.00e+00	0.00e+00	0.00e+00	0.00e+00	0.00e+00	0.00e+00	2.19e-01	1.12e-01	3.92e-02
 1.02758e+15	4.03e-01	5.97e-01	6.17e-06	0.00e+00	0.00e+00	0.00e+00	0.00e+00	0.00e+00	0.00e+00	2.39e-01	1.21e-01	4.26e-02
 1.02985e+15	4.32e-01	5.68e-01	5.06e-06	0.00e+00	0.00e+00	0.00e+00	0.00e+00	0.00e+00	0.00e+00	2.56e-01	1.30e-01	4.56e-02
 1.03185e+15	4.58e-01	5.42e-01	4.22e-06	0.00e+00	0.00e+00	0.00e+00	0.00e+00	0.00e+00	0.00e+00	2.72e-01	1.37e-01	4.84e-02
 1.03374e+15	4.84e-01	5.16e-01	3.54e-06	0.00e+00	0.00e+00	0.00e+00	0.00e+00	0.00e+00	0.00e+00	2.88e-01	1.45e-01	5.11e-02
 1.03551e+15	5.09e-01	4.91e-01	3.00e-06	0.00e+00	0.00e+00	0.00e+00	0.00e+00	0.00e+00	0.00e+00	3.03e-01	1.51e-01	5.37e-02
 1.03709e+15	5.32e-01	4.68e-01	2.58e-06	0.00e+00	0.00e+00	0.00e+00	0.00e+00	0.00e+00	0.00e+00	3.17e-01	1.58e-01	5.61e-02
 1.03851e+15	5.52e-01	4.48e-01	2.24e-06	0.00e+00	0.00e+00	0.00e+00	0.00e+00	0.00e+00	0.00e+00	3.30e-01	1.63e-01	5.82e-02
 1.03984e+15	5.73e-01	4.27e-01	1.96e-06	0.00e+00	0.00e+00	0.00e+00	0.00e+00	0.00e+00	0.00e+00	3.43e-01	1.69e-01	6.03e-02
 1.04110e+15	5.91e-01	4.09e-01	1.73e-06	0.00e+00	0.00e+00	0.00e+00	0.00e+00	0.00e+00	0.00e+00	3.55e-01	1.74e-01	6.22e-02
 1.04213e+15	6.06e-01	3.94e-01	1.56e-06	0.00e+00	0.00e+00	0.00e+00	0.00e+00	0.00e+00	0.00e+00	3.64e-01	1.78e-01	6.38e-02
 1.04289e+15	6.18e-01	3.82e-01	1.45e-06	0.00e+00	0.00e+00	0.00e+00	0.00e+00	0.00e+00	0.00e+00	3.72e-01	1.81e-01	6.49e-02
 1.04360e+15	6.29e-01	3.71e-01	1.34e-06	0.00e+00	0.00e+00	0.00e+00	0.00e+00	0.00e+00	0.00e+00	3.79e-01	1.83e-01	6.60e-02
 1.04438e+15	6.41e-01	3.59e-01	1.23e-06	0.00e+00	0.00e+00	0.00e+00	0.00e+00	0.00e+00	0.00e+00	3.87e-01	1.86e-01	6.72e-02
 1.04519e+15	6.53e-01	3.47e-01	1.13e-06	0.00e+00	0.00e+00	0.00e+00	0.00e+00	0.00e+00	0.00e+00	3.95e-01	1.89e-01	6.85e-02
 1.04599e+15	6.65e-01	3.35e-01	1.04e-06	0.00e+00	0.00e+00	0.00e+00	0.00e+00	0.00e+00	0.00e+00	4.02e-01	1.92e-01	6.97e-02
 1.04677e+15	6.76e-01	3.24e-01	9.56e-07	0.00e+00	0.00e+00	0.00e+00	0.00e+00	0.00e+00	0.00e+00	4.10e-01	1.95e-01	7.08e-02
 1.04753e+15	6.87e-01	3.13e-01	0.00e+00	0.00e+00	0.00e+00	0.00e+00	0.00e+00	0.00e+00	0.00e+00	4.17e-01	1.98e-01	7.19e-02
 1.04830e+15	6.98e-01	3.02e-01	0.00e+00	0.00e+00	0.00e+00	0.00e+00	0.00e+00	0.00e+00	0.00e+00	4.25e-01	2.00e-01	7.30e-02
 1.04906e+15	7.09e-01	2.91e-01	0.00e+00	0.00e+00	0.00e+00	0.00e+00	0.00e+00	0.00e+00	0.00e+00	4.32e-01	2.03e-01	7.40e-02
 1.04981e+15	7.20e-01	2.80e-01	0.00e+00	0.00e+00	0.00e+00	0.00e+00	0.00e+00	0.00e+00	0.00e+00	4.39e-01	2.05e-01	7.51e-02
 1.05056e+15	7.30e-01	2.70e-01	0.00e+00	0.00e+00	0.00e+00	0.00e+00	0.00e+00	0.00e+00	0.00e+00	4.46e-01	2.07e-01	7.60e-02
 1.05130e+15	7.40e-01	2.60e-01	0.00e+00	0.00e+00	0.00e+00	0.00e+00	0.00e+00	0.00e+00	0.00e+00	4.53e-01	2.10e-01	7.70e-02
 1.05204e+15	7.50e-01	2.50e-01	0.00e+00	0.00e+00	0.00e+00	0.00e+00	0.00e+00	0.00e+00	0.00e+00	4.60e-01	2.12e-01	7.79e-02
 1.05277e+15	7.60e-01	2.40e-01	0.00e+00	0.00e+00	0.00e+00	0.00e+00	0.00e+00	0.00e+00	0.00e+00	4.67e-01	2.14e-01	7.88e-02
 1.05350e+15	7.69e-01	2.31e-01	0.00e+00	0.00e+00	0.00e+00	0.00e+00	0.00e+00	0.00e+00	0.00e+00	4.74e-01	2.15e-01	7.97e-02
 1.05423e+15	7.78e-01	2.22e-01	0.00e+00	0.00e+00	0.00e+00	0.00e+00	0.00e+00	0.00e+00	0.00e+00	4.80e-01	2.17e-01	8.04e-02
 1.05495e+15	7.87e-01	2.13e-01	0.00e+00	0.00e+00	0.00e+00	0.00e+00	0.00e+00	0.00e+00	0.00e+00	4.87e-01	2.19e-01	8.12e-02
 1.05567e+15	7.96e-01	2.04e-01	0.00e+00	0.00e+00	0.00e+00	0.00e+00	0.00e+00	0.00e+00	0.00e+00	4.93e-01	2.20e-01	8.20e-02
 1.05638e+15	8.04e-01	1.96e-01	0.00e+00	0.00e+00	0.00e+00	0.00e+00	0.00e+00	0.00e+00	0.00e+00	4.99e-01	2.22e-01	8.27e-02
 1.05708e+15	8.12e-01	1.88e-01	0.00e+00	0.00e+00	0.00e+00	0.00e+00	0.00e+00	0.00e+00	0.00e+00	5.05e-01	2.23e-01	8.33e-02
 1.05779e+15	8.20e-01	1.80e-01	0.00e+00	0.00e+00	0.00e+00	0.00e+00	0.00e+00	0.00e+00	0.00e+00	5.11e-01	2.24e-01	8.40e-02
 1.05848e+15	8.27e-01	1.73e-01	0.00e+00	0.00e+00	0.00e+00	0.00e+00	0.00e+00	0.00e+00	0.00e+00	5.17e-01	2.25e-01	8.45e-02
 1.05916e+15	8.34e-01	1.66e-01	0.00e+00	0.00e+00	0.00e+00	0.00e+00	0.00e+00	0.00e+00	0.00e+00	5.22e-01	2.26e-01	8.51e-02
 1.05983e+15	8.41e-01	1.59e-01	0.00e+00	0.00e+00	0.00e+00	0.00e+00	0.00e+00	0.00e+00	0.00e+00	5.28e-01	2.27e-01	8.56e-02
 1.06050e+15	8.47e-01	1.53e-01	0.00e+00	0.00e+00	0.00e+00	0.00e+00	0.00e+00	0.00e+00	0.00e+00	5.33e-01	2.28e-01	8.60e-02
 1.06115e+15	8.53e-01	1.47e-01	0.00e+00	0.00e+00	0.00e+00	0.00e+00	0.00e+00	0.00e+00	0.00e+00	5.38e-01	2.29e-01	8.64e-02
 1.06180e+15	8.59e-01	1.41e-01	0.00e+00	0.00e+00	0.00e+00	0.00e+00	0.00e+00	0.00e+00	0.00e+00	5.43e-01	2.29e-01	8.68e-02
 1.06245e+15	8.65e-01	1.35e-01	0.00e+00	0.00e+00	0.00e+00	0.00e+00	0.00e+00	0.00e+00	0.00e+00	5.48e-01	2.30e-01	8.72e-02
 1.06309e+15	8.71e-01	1.29e-01	0.00e+00	0.00e+00	0.00e+00	0.00e+00	0.00e+00	0.00e+00	0.00e+00	5.52e-01	2.31e-01	8.75e-02
 1.06372e+15	8.76e-01	1.24e-01	0.00e+00	0.00e+00	0.00e+00	0.00e+00	0.00e+00	0.00e+00	0.00e+00	5.57e-01	2.31e-01	8.78e-02
 1.06434e+15	8.81e-01	1.19e-01	0.00e+00	0.00e+00	0.00e+00	0.00e+00	0.00e+00	0.00e+00	0.00e+00	5.61e-01	2.31e-01	8.81e-02
 1.06496e+15	8.86e-01	1.14e-01	0.00e+00	0.00e+00	0.00e+00	0.00e+00	0.00e+00	0.00e+00	0.00e+00	5.66e-01	2.32e-01	8.83e-02
 1.06558e+15	8.90e-01	1.10e-01	0.00e+00	0.00e+00	0.00e+00	0.00e+00	0.00e+00	0.00e+00	0.00e+00	5.70e-01	2.32e-01	8.85e-02
 1.06619e+15	8.95e-01	1.05e-01	0.00e+00	0.00e+00	0.00e+00	0.00e+00	0.00e+00	0.00e+00	0.00e+00	5.74e-01	2.32e-01	8.87e-02
 1.06679e+15	8.99e-01	1.01e-01	0.00e+00	0.00e+00	0.00e+00	0.00e+00	0.00e+00	0.00e+00	0.00e+00	5.78e-01	2.32e-01	8.89e-02
 1.06740e+15	9.03e-01	9.69e-02	0.00e+00	0.00e+00	0.00e+00	0.00e+00	0.00e+00	0.00e+00	0.00e+00	5.81e-01	2.32e-01	8.91e-02
 1.06799e+15	9.07e-01	9.30e-02	0.00e+00	0.00e+00	0.00e+00	0.00e+00	0.00e+00	0.00e+00	0.00e+00	5.85e-01	2.33e-01	8.92e-02
 1.06859e+15	9.11e-01	8.93e-02	0.00e+00	0.00e+00	0.00e+00	0.00e+00	0.00e+00	0.00e+00	0.00e+00	5.89e-01	2.33e-01	8.93e-02
 1.06918e+15	9.14e-01	8.56e-02	0.00e+00	0.00e+00	0.00e+00	0.00e+00	0.00e+00	0.00e+00	0.00e+00	5.92e-01	2.33e-01	8.94e-02
 1.06976e+15	9.18e-01	8.22e-02	0.00e+00	0.00e+00	0.00e+00	0.00e+00	0.00e+00	0.00e+00	0.00e+00	5.96e-01	2.33e-01	8.95e-02
 1.07034e+15	9.21e-01	7.89e-02	0.00e+00	0.00e+00	0.00e+00	0.00e+00	0.00e+00	0.00e+00	0.00e+00	5.99e-01	2.33e-01	8.96e-02
 1.07092e+15	9.24e-01	7.57e-02	0.00e+00	0.00e+00	0.00e+00	0.00e+00	0.00e+00	0.00e+00	0.00e+00	6.02e-01	2.32e-01	8.96e-02
 1.07149e+15	9.27e-01	7.27e-02	0.00e+00	0.00e+00	0.00e+00	0.00e+00	0.00e+00	0.00e+00	0.00e+00	6.05e-01	2.32e-01	8.97e-02
 1.07207e+15	9.30e-01	6.97e-02	0.00e+00	0.00e+00	0.00e+00	0.00e+00	0.00e+00	0.00e+00	0.00e+00	6.08e-01	2.32e-01	8.97e-02
 1.07264e+15	9.33e-01	6.69e-02	0.00e+00	0.00e+00	0.00e+00	0.00e+00	0.00e+00	0.00e+00	0.00e+00	6.11e-01	2.32e-01	8.97e-02
 1.07321e+15	9.36e-01	6.42e-02	0.00e+00	0.00e+00	0.00e+00	0.00e+00	0.00e+00	0.00e+00	0.00e+00	6.14e-01	2.32e-01	8.97e-02
 1.07377e+15	9.38e-01	6.17e-02	0.00e+00	0.00e+00	0.00e+00	0.00e+00	0.00e+00	0.00e+00	0.00e+00	6.17e-01	2.32e-01	8.97e-02
 1.07434e+15	9.41e-01	5.92e-02	0.00e+00	0.00e+00	0.00e+00	0.00e+00	0.00e+00	0.00e+00	0.00e+00	6.20e-01	2.31e-01	8.97e-02
 1.07490e+15	9.43e-01	5.68e-02	0.00e+00	0.00e+00	0.00e+00	0.00e+00	0.00e+00	0.00e+00	0.00e+00	6.22e-01	2.31e-01	8.97e-02
 1.07546e+15	9.45e-01	5.45e-02	0.00e+00	0.00e+00	0.00e+00	0.00e+00	0.00e+00	0.00e+00	0.00e+00	6.25e-01	2.31e-01	8.97e-02
 1.07601e+15	9.48e-01	5.24e-02	0.00e+00	0.00e+00	0.00e+00	0.00e+00	0.00e+00	0.00e+00	0.00e+00	6.27e-01	2.31e-01	8.96e-02
 1.07656e+15	9.50e-01	5.03e-02	0.00e+00	0.00e+00	0.00e+00	0.00e+00	0.00e+00	0.00e+00	0.00e+00	6.30e-01	2.31e-01	8.96e-02
 1.07711e+15	9.52e-01	4.83e-02	0.00e+00	0.00e+00	0.00e+00	0.00e+00	0.00e+00	0.00e+00	0.00e+00	6.32e-01	2.30e-01	8.95e-02
 1.07766e+15	9.54e-01	4.63e-02	0.00e+00	0.00e+00	0.00e+00	0.00e+00	0.00e+00	0.00e+00	0.00e+00	6.34e-01	2.30e-01	8.95e-02
 1.07820e+15	9.56e-01	4.44e-02	0.00e+00	0.00e+00	0.00e+00	0.00e+00	0.00e+00	0.00e+00	0.00e+00	6.36e-01	2.30e-01	8.94e-02
 1.07875e+15	9.57e-01	4.25e-02	0.00e+00	0.00e+00	0.00e+00	0.00e+00	0.00e+00	0.00e+00	0.00e+00	6.39e-01	2.29e-01	8.93e-02
 1.07929e+15	9.59e-01	4.08e-02	0.00e+00	0.00e+00	0.00e+00	0.00e+00	0.00e+00	0.00e+00	0.00e+00	6.41e-01	2.29e-01	8.92e-02
 1.07982e+15	9.61e-01	3.92e-02	0.00e+00	0.00e+00	0.00e+00	0.00e+00	0.00e+00	0.00e+00	0.00e+00	6.43e-01	2.29e-01	8.91e-02
 1.08034e+15	9.62e-01	3.75e-02	0.00e+00	0.00e+00	0.00e+00	0.00e+00	0.00e+00	0.00e+00	0.00e+00	6.45e-01	2.28e-01	8.90e-02
 1.08087e+15	9.64e-01	3.60e-02	0.00e+00	0.00e+00	0.00e+00	0.00e+00	0.00e+00	0.00e+00	0.00e+00	6.47e-01	2.28e-01	8.89e-02
 1.08139e+15	9.65e-01	3.45e-02	0.00e+00	0.00e+00	0.00e+00	0.00e+00	0.00e+00	0.00e+00	0.00e+00	6.49e-01	2.28e-01	8.88e-02
 1.08190e+15	9.67e-01	3.31e-02	0.00e+00	0.00e+00	0.00e+00	0.00e+00	0.00e+00	0.00e+00	0.00e+00	6.51e-01	2.27e-01	8.87e-02
 1.08241e+15	9.68e-01	3.17e-02	0.00e+00	0.00e+00	0.00e+00	0.00e+00	0.00e+00	0.00e+00	0.00e+00	6.53e-01	2.27e-01	8.86e-02
 1.08291e+15	9.70e-01	3.04e-02	0.00e+00	0.00e+00	0.00e+00	0.00e+00	0.00e+00	0.00e+00	0.00e+00	6.55e-01	2.27e-01	8.84e-02
 1.08340e+15	9.71e-01	2.92e-02	0.00e+00	0.00e+00	0.00e+00	0.00e+00	0.00e+00	0.00e+00	0.00e+00	6.56e-01	2.26e-01	8.82e-02
 1.08388e+15	9.72e-01	2.79e-02	0.00e+00	0.00e+00	0.00e+00	0.00e+00	0.00e+00	0.00e+00	0.00e+00	6.58e-01	2.26e-01	8.81e-02
 1.08435e+15	9.73e-01	2.68e-02	0.00e+00	0.00e+00	0.00e+00	0.00e+00	0.00e+00	0.00e+00	0.00e+00	6.60e-01	2.25e-01	8.79e-02
 1.08482e+15	9.74e-01	2.56e-02	0.00e+00	0.00e+00	0.00e+00	0.00e+00	0.00e+00	0.00e+00	0.00e+00	6.62e-01	2.25e-01	8.77e-02
 1.08527e+15	9.75e-01	2.45e-02	0.00e+00	0.00e+00	0.00e+00	0.00e+00	0.00e+00	0.00e+00	0.00e+00	6.64e-01	2.24e-01	8.74e-02
 1.08569e+15	9.77e-01	2.35e-02	0.00e+00	0.00e+00	0.00e+00	0.00e+00	0.00e+00	0.00e+00	0.00e+00	6.66e-01	2.24e-01	8.72e-02
