#depth	O	O+	O+2	O+3	O+4	O+5	O+6	O+7	O+8	O[1]	O[2]	O[3]
 7.73426e+09	3.32e-03	6.07e-01	3.89e-01	3.72e-04	0.00e+00	0.00e+00	0.00e+00	0.00e+00	0.00e+00	1.94e-03	1.03e-03	3.52e-04
 4.64056e+10	3.32e-03	6.07e-01	3.89e-01	3.72e-04	4.08e-10	0.00e+00	0.00e+00	0.00e+00	0.00e+00	1.94e-03	1.03e-03	3.52e-04
 2.01091e+11	3.32e-03	6.07e-01	3.89e-01	3.71e-04	0.00e+00	0.00e+00	0.00e+00	0.00e+00	0.00e+00	1.94e-03	1.03e-03	3.52e-04
 8.19832e+11	3.32e-03	6.07e-01	3.90e-01	3.67e-04	0.00e+00	0.00e+00	0.00e+00	0.00e+00	0.00e+00	1.93e-03	1.02e-03	3.51e-04
 1.95832e+12	3.30e-03	6.06e-01	3.90e-01	3.63e-04	0.00e+00	0.00e+00	0.00e+00	0.00e+00	0.00e+00	1.92e-03	1.02e-03	3.49e-04
 3.43834e+12	3.27e-03	6.05e-01	3.91e-01	3.57e-04	0.00e+00	0.00e+00	0.00e+00	0.00e+00	0.00e+00	1.91e-03	1.01e-03	3.47e-04
 5.36238e+12	3.25e-03	6.05e-01	3.92e-01	3.49e-04	0.00e+00	0.00e+00	0.00e+00	0.00e+00	0.00e+00	1.90e-03	1.00e-03	3.44e-04
 7.86363e+12	3.23e-03	6.04e-01	3.92e-01	3.38e-04	0.00e+00	0.00e+00	0.00e+00	0.00e+00	0.00e+00	1.88e-03	9.97e-04	3.42e-04
 1.11153e+13	3.20e-03	6.04e-01	3.93e-01	3.24e-04	0.00e+00	0.00e+00	0.00e+00	0.00e+00	0.00e+00	1.87e-03	9.89e-04	3.39e-04
 1.53424e+13	3.17e-03	6.04e-01	3.93e-01	3.06e-04	0.00e+00	0.00e+00	0.00e+00	0.00e+00	0.00e+00	1.85e-03	9.79e-04	3.36e-04
 2.08376e+13	3.15e-03	6.04e-01	3.93e-01	2.83e-04	0.00e+00	0.00e+00	0.00e+00	0.00e+00	0.00e+00	1.84e-03	9.72e-04	3.34e-04
 2.79814e+13	3.13e-03	6.05e-01	3.92e-01	2.54e-04	0.00e+00	0.00e+00	0.00e+00	0.00e+00	0.00e+00	1.82e-03	9.65e-04	3.31e-04
 3.72684e+13	3.11e-03	6.06e-01	3.91e-01	2.20e-04	0.00e+00	0.00e+00	0.00e+00	0.00e+00	0.00e+00	1.81e-03	9.59e-04	3.29e-04
 4.93414e+13	3.10e-03	6.09e-01	3.88e-01	1.82e-04	0.00e+00	0.00e+00	0.00e+00	0.00e+00	0.00e+00	1.81e-03	9.57e-04	3.29e-04
 6.50364e+13	3.11e-03	6.13e-01	3.83e-01	1.41e-04	0.00e+00	0.00e+00	0.00e+00	0.00e+00	0.00e+00	1.81e-03	9.59e-04	3.29e-04
 8.54398e+13	3.14e-03	6.20e-01	3.77e-01	1.01e-04	0.00e+00	0.00e+00	0.00e+00	0.00e+00	0.00e+00	1.83e-03	9.68e-04	3.33e-04
 1.11964e+14	3.21e-03	6.29e-01	3.67e-01	6.44e-05	0.00e+00	0.00e+00	0.00e+00	0.00e+00	0.00e+00	1.87e-03	9.89e-04	3.40e-04
 1.46446e+14	3.32e-03	6.42e-01	3.54e-01	3.60e-05	0.00e+00	0.00e+00	0.00e+00	0.00e+00	0.00e+00	1.94e-03	1.02e-03	3.52e-04
 1.91273e+14	3.52e-03	6.60e-01	3.36e-01	1.70e-05	0.00e+00	0.00e+00	0.00e+00	0.00e+00	0.00e+00	2.05e-03	1.09e-03	3.74e-04
 2.49547e+14	3.86e-03	6.85e-01	3.11e-01	6.60e-06	0.00e+00	0.00e+00	0.00e+00	0.00e+00	0.00e+00	2.25e-03	1.19e-03	4.09e-04
 2.96609e+14	4.06e-03	7.02e-01	2.94e-01	3.27e-06	0.00e+00	0.00e+00	0.00e+00	0.00e+00	0.00e+00	2.37e-03	1.25e-03	4.31e-04
 3.26270e+14	4.31e-03	7.16e-01	2.80e-01	2.10e-06	0.00e+00	0.00e+00	0.00e+00	0.00e+00	0.00e+00	2.51e-03	1.33e-03	4.57e-04
 3.58897e+14	4.61e-03	7.32e-01	2.64e-01	1.31e-06	0.00e+00	0.00e+00	0.00e+00	0.00e+00	0.00e+00	2.69e-03	1.42e-03	4.89e-04
 3.94786e+14	5.00e-03	7.50e-01	2.45e-01	8.11e-07	0.00e+00	0.00e+00	0.00e+00	0.00e+00	0.00e+00	2.92e-03	1.54e-03	5.31e-04
 4.34265e+14	5.51e-03	7.70e-01	2.24e-01	0.00e+00	0.00e+00	0.00e+00	0.00e+00	0.00e+00	0.00e+00	3.21e-03	1.70e-03	5.84e-04
 4.77691e+14	6.18e-03	7.94e-01	2.00e-01	0.00e+00	0.00e+00	0.00e+00	0.00e+00	0.00e+00	0.00e+00	3.61e-03	1.91e-03	6.55e-04
 5.20899e+14	6.99e-03	8.17e-01	1.76e-01	0.00e+00	0.00e+00	0.00e+00	0.00e+00	0.00e+00	0.00e+00	4.08e-03	2.16e-03	7.41e-04
 5.58654e+14	7.87e-03	8.38e-01	1.54e-01	0.00e+00	0.00e+00	0.00e+00	0.00e+00	0.00e+00	0.00e+00	4.59e-03	2.43e-03	8.34e-04
 5.91473e+14	8.79e-03	8.57e-01	1.34e-01	0.00e+00	0.00e+00	0.00e+00	0.00e+00	0.00e+00	0.00e+00	5.13e-03	2.71e-03	9.31e-04
 6.27180e+14	1.01e-02	8.77e-01	1.13e-01	0.00e+00	0.00e+00	0.00e+00	0.00e+00	0.00e+00	0.00e+00	5.87e-03	3.10e-03	1.07e-03
 6.62878e+14	1.16e-02	8.96e-01	9.25e-02	0.00e+00	0.00e+00	0.00e+00	0.00e+00	0.00e+00	0.00e+00	6.78e-03	3.58e-03	1.23e-03
 6.90440e+14	1.31e-02	9.10e-01	7.69e-02	0.00e+00	0.00e+00	0.00e+00	0.00e+00	0.00e+00	0.00e+00	7.65e-03	4.05e-03	1.39e-03
 7.13932e+14	1.47e-02	9.21e-01	6.40e-02	0.00e+00	0.00e+00	0.00e+00	0.00e+00	0.00e+00	0.00e+00	8.55e-03	4.52e-03	1.55e-03
 7.35586e+14	1.64e-02	9.31e-01	5.26e-02	0.00e+00	0.00e+00	0.00e+00	0.00e+00	0.00e+00	0.00e+00	9.57e-03	5.06e-03	1.74e-03
 7.55958e+14	1.84e-02	9.39e-01	4.25e-02	0.00e+00	0.00e+00	0.00e+00	0.00e+00	0.00e+00	0.00e+00	1.07e-02	5.66e-03	1.94e-03
 7.75693e+14	2.06e-02	9.46e-01	3.35e-02	0.00e+00	0.00e+00	0.00e+00	0.00e+00	0.00e+00	0.00e+00	1.20e-02	6.36e-03	2.18e-03
 7.93618e+14	2.31e-02	9.51e-01	2.60e-02	0.00e+00	0.00e+00	0.00e+00	0.00e+00	0.00e+00	0.00e+00	1.35e-02	7.13e-03	2.45e-03
 8.09019e+14	2.57e-02	9.54e-01	2.01e-02	0.00e+00	0.00e+00	0.00e+00	0.00e+00	0.00e+00	0.00e+00	1.50e-02	7.93e-03	2.72e-03
 8.22291e+14	2.84e-02	9.56e-01	1.56e-02	0.00e+00	0.00e+00	0.00e+00	0.00e+00	0.00e+00	0.00e+00	1.65e-02	8.75e-03	3.00e-03
 8.34258e+14	3.11e-02	9.57e-01	1.20e-02	0.00e+00	0.00e+00	0.00e+00	0.00e+00	0.00e+00	0.00e+00	1.81e-02	9.59e-03	3.29e-03
 8.45572e+14	3.42e-02	9.57e-01	8.99e-03	0.00e+00	0.00e+00	0.00e+00	0.00e+00	0.00e+00	0.00e+00	1.99e-02	1.05e-02	3.61e-03
 8.56344e+14	3.75e-02	9.56e-01	6.61e-03	0.00e+00	0.00e+00	0.00e+00	0.00e+00	0.00e+00	0.00e+00	2.19e-02	1.16e-02	3.97e-03
 8.66461e+14	4.12e-02	9.54e-01	4.79e-03	0.00e+00	0.00e+00	0.00e+00	0.00e+00	0.00e+00	0.00e+00	2.40e-02	1.27e-02	4.36e-03
 8.75941e+14	4.50e-02	9.52e-01	3.44e-03	0.00e+00	0.00e+00	0.00e+00	0.00e+00	0.00e+00	0.00e+00	2.63e-02	1.39e-02	4.77e-03
 8.86439e+14	5.02e-02	9.47e-01	2.30e-03	0.00e+00	0.00e+00	0.00e+00	0.00e+00	0.00e+00	0.00e+00	2.93e-02	1.55e-02	5.32e-03
 9.00086e+14	5.83e-02	9.40e-01	1.31e-03	0.00e+00	0.00e+00	0.00e+00	0.00e+00	0.00e+00	0.00e+00	3.40e-02	1.80e-02	6.18e-03
 9.14489e+14	6.96e-02	9.30e-01	6.95e-04	0.00e+00	0.00e+00	0.00e+00	0.00e+00	0.00e+00	0.00e+00	4.06e-02	2.14e-02	7.37e-03
 9.27175e+14	8.32e-02	9.16e-01	3.84e-04	0.00e+00	0.00e+00	0.00e+00	0.00e+00	0.00e+00	0.00e+00	4.86e-02	2.56e-02	8.81e-03
 9.37757e+14	9.87e-02	9.01e-01	2.29e-04	0.00e+00	0.00e+00	0.00e+00	0.00e+00	0.00e+00	0.00e+00	5.76e-02	3.03e-02	1.05e-02
 9.45992e+14	1.14e-01	8.86e-01	1.51e-04	0.00e+00	0.00e+00	0.00e+00	0.00e+00	0.00e+00	0.00e+00	6.68e-02	3.51e-02	1.21e-02
 9.53060e+14	1.31e-01	8.69e-01	1.04e-04	0.00e+00	0.00e+00	0.00e+00	0.00e+00	0.00e+00	0.00e+00	7.65e-02	4.02e-02	1.39e-02
 9.60919e+14	1.54e-01	8.46e-01	6.64e-05	0.00e+00	0.00e+00	0.00e+00	0.00e+00	0.00e+00	0.00e+00	9.01e-02	4.72e-02	1.63e-02
 9.69041e+14	1.85e-01	8.15e-01	4.12e-05	0.00e+00	0.00e+00	0.00e+00	0.00e+00	0.00e+00	0.00e+00	1.08e-01	5.67e-02	1.96e-02
 9.75363e+14	2.17e-01	7.83e-01	2.77e-05	0.00e+00	0.00e+00	0.00e+00	0.00e+00	0.00e+00	0.00e+00	1.27e-01	6.63e-02	2.30e-02
 9.80225e+14	2.48e-01	7.52e-01	2.00e-05	0.00e+00	0.00e+00	0.00e+00	0.00e+00	0.00e+00	0.00e+00	1.45e-01	7.55e-02	2.62e-02
 9.85137e+14	2.84e-01	7.16e-01	1.39e-05	0.00e+00	0.00e+00	0.00e+00	0.00e+00	0.00e+00	0.00e+00	1.67e-01	8.64e-02	3.01e-02
 9.90243e+14	3.29e-01	6.71e-01	9.47e-06	0.00e+00	0.00e+00	0.00e+00	0.00e+00	0.00e+00	0.00e+00	1.94e-01	9.99e-02	3.49e-02
 9.94337e+14	3.72e-01	6.28e-01	6.83e-06	0.00e+00	0.00e+00	0.00e+00	0.00e+00	0.00e+00	0.00e+00	2.20e-01	1.12e-01	3.94e-02
 9.97176e+14	4.05e-01	5.95e-01	5.39e-06	0.00e+00	0.00e+00	0.00e+00	0.00e+00	0.00e+00	0.00e+00	2.40e-01	1.22e-01	4.28e-02
 9.99303e+14	4.32e-01	5.68e-01	4.47e-06	0.00e+00	0.00e+00	0.00e+00	0.00e+00	0.00e+00	0.00e+00	2.56e-01	1.30e-01	4.56e-02
 1.00123e+15	4.57e-01	5.43e-01	3.75e-06	0.00e+00	0.00e+00	0.00e+00	0.00e+00	0.00e+00	0.00e+00	2.71e-01	1.37e-01	4.83e-02
 1.00311e+15	4.84e-01	5.16e-01	3.14e-06	0.00e+00	0.00e+00	0.00e+00	0.00e+00	0.00e+00	0.00e+00	2.88e-01	1.44e-01	5.11e-02
 1.00491e+15	5.09e-01	4.91e-01	2.65e-06	0.00e+00	0.00e+00	0.00e+00	0.00e+00	0.00e+00	0.00e+00	3.03e-01	1.51e-01	5.37e-02
 1.00654e+15	5.32e-01	4.68e-01	2.27e-06	0.00e+00	0.00e+00	0.00e+00	0.00e+00	0.00e+00	0.00e+00	3.18e-01	1.58e-01	5.61e-02
 1.00794e+15	5.53e-01	4.47e-01	1.98e-06	0.00e+00	0.00e+00	0.00e+00	0.00e+00	0.00e+00	0.00e+00	3.31e-01	1.63e-01	5.83e-02
 1.00922e+15	5.72e-01	4.28e-01	1.74e-06	0.00e+00	0.00e+00	0.00e+00	0.00e+00	0.00e+00	0.00e+00	3.43e-01	1.69e-01	6.03e-02
 1.01047e+15	5.92e-01	4.08e-01	1.53e-06	0.00e+00	0.00e+00	0.00e+00	0.00e+00	0.00e+00	0.00e+00	3.55e-01	1.74e-01	6.23e-02
 1.01151e+15	6.06e-01	3.94e-01	1.38e-06	0.00e+00	0.00e+00	0.00e+00	0.00e+00	0.00e+00	0.00e+00	3.65e-01	1.78e-01	6.38e-02
 1.01226e+15	6.18e-01	3.82e-01	1.28e-06	0.00e+00	0.00e+00	0.00e+00	0.00e+00	0.00e+00	0.00e+00	3.72e-01	1.80e-01	6.49e-02
 1.01297e+15	6.29e-01	3.71e-01	1.19e-06	0.00e+00	0.00e+00	0.00e+00	0.00e+00	0.00e+00	0.00e+00	3.79e-01	1.83e-01	6.60e-02
 1.01376e+15	6.41e-01	3.59e-01	1.09e-06	0.00e+00	0.00e+00	0.00e+00	0.00e+00	0.00e+00	0.00e+00	3.87e-01	1.86e-01	6.72e-02
 1.01458e+15	6.53e-01	3.47e-01	9.99e-07	0.00e+00	0.00e+00	0.00e+00	0.00e+00	0.00e+00	0.00e+00	3.95e-01	1.89e-01	6.85e-02
 1.01537e+15	6.65e-01	3.35e-01	0.00e+00	0.00e+00	0.00e+00	0.00e+00	0.00e+00	0.00e+00	0.00e+00	4.02e-01	1.92e-01	6.97e-02
 1.01614e+15	6.76e-01	3.24e-01	0.00e+00	0.00e+00	0.00e+00	0.00e+00	0.00e+00	0.00e+00	0.00e+00	4.10e-01	1.95e-01	7.08e-02
 1.01690e+15	6.87e-01	3.13e-01	0.00e+00	0.00e+00	0.00e+00	0.00e+00	0.00e+00	0.00e+00	0.00e+00	4.17e-01	1.98e-01	7.19e-02
 1.01766e+15	6.99e-01	3.01e-01	0.00e+00	0.00e+00	0.00e+00	0.00e+00	0.00e+00	0.00e+00	0.00e+00	4.25e-01	2.00e-01	7.30e-02
 1.01841e+15	7.09e-01	2.91e-01	0.00e+00	0.00e+00	0.00e+00	0.00e+00	0.00e+00	0.00e+00	0.00e+00	4.32e-01	2.03e-01	7.40e-02
 1.01916e+15	7.20e-01	2.80e-01	0.00e+00	0.00e+00	0.00e+00	0.00e+00	0.00e+00	0.00e+00	0.00e+00	4.40e-01	2.05e-01	7.51e-02
 1.01991e+15	7.30e-01	2.70e-01	0.00e+00	0.00e+00	0.00e+00	0.00e+00	0.00e+00	0.00e+00	0.00e+00	4.46e-01	2.07e-01	7.60e-02
 1.02065e+15	7.40e-01	2.60e-01	0.00e+00	0.00e+00	0.00e+00	0.00e+00	0.00e+00	0.00e+00	0.00e+00	4.54e-01	2.09e-01	7.70e-02
 1.02139e+15	7.51e-01	2.49e-01	0.00e+00	0.00e+00	0.00e+00	0.00e+00	0.00e+00	0.00e+00	0.00e+00	4.61e-01	2.12e-01	7.79e-02
 1.02211e+15	7.60e-01	2.40e-01	0.00e+00	0.00e+00	0.00e+00	0.00e+00	0.00e+00	0.00e+00	0.00e+00	4.67e-01	2.13e-01	7.88e-02
 1.02282e+15	7.69e-01	2.31e-01	0.00e+00	0.00e+00	0.00e+00	0.00e+00	0.00e+00	0.00e+00	0.00e+00	4.74e-01	2.15e-01	7.96e-02
 1.02355e+15	7.78e-01	2.22e-01	0.00e+00	0.00e+00	0.00e+00	0.00e+00	0.00e+00	0.00e+00	0.00e+00	4.81e-01	2.17e-01	8.04e-02
 1.02428e+15	7.87e-01	2.13e-01	0.00e+00	0.00e+00	0.00e+00	0.00e+00	0.00e+00	0.00e+00	0.00e+00	4.87e-01	2.19e-01	8.12e-02
 1.02498e+15	7.96e-01	2.04e-01	0.00e+00	0.00e+00	0.00e+00	0.00e+00	0.00e+00	0.00e+00	0.00e+00	4.93e-01	2.20e-01	8.20e-02
 1.02568e+15	8.04e-01	1.96e-01	0.00e+00	0.00e+00	0.00e+00	0.00e+00	0.00e+00	0.00e+00	0.00e+00	4.99e-01	2.22e-01	8.26e-02
 1.02639e+15	8.12e-01	1.88e-01	0.00e+00	0.00e+00	0.00e+00	0.00e+00	0.00e+00	0.00e+00	0.00e+00	5.06e-01	2.23e-01	8.33e-02
 1.02709e+15	8.20e-01	1.80e-01	0.00e+00	0.00e+00	0.00e+00	0.00e+00	0.00e+00	0.00e+00	0.00e+00	5.11e-01	2.24e-01	8.39e-02
 1.02777e+15	8.27e-01	1.73e-01	0.00e+00	0.00e+00	0.00e+00	0.00e+00	0.00e+00	0.00e+00	0.00e+00	5.17e-01	2.25e-01	8.45e-02
 1.02844e+15	8.34e-01	1.66e-01	0.00e+00	0.00e+00	0.00e+00	0.00e+00	0.00e+00	0.00e+00	0.00e+00	5.23e-01	2.26e-01	8.50e-02
 1.02911e+15	8.41e-01	1.59e-01	0.00e+00	0.00e+00	0.00e+00	0.00e+00	0.00e+00	0.00e+00	0.00e+00	5.28e-01	2.27e-01	8.55e-02
 1.02978e+15	8.47e-01	1.53e-01	0.00e+00	0.00e+00	0.00e+00	0.00e+00	0.00e+00	0.00e+00	0.00e+00	5.33e-01	2.28e-01	8.59e-02
 1.03044e+15	8.54e-01	1.46e-01	0.00e+00	0.00e+00	0.00e+00	0.00e+00	0.00e+00	0.00e+00	0.00e+00	5.39e-01	2.29e-01	8.63e-02
 1.03108e+15	8.60e-01	1.40e-01	0.00e+00	0.00e+00	0.00e+00	0.00e+00	0.00e+00	0.00e+00	0.00e+00	5.43e-01	2.29e-01	8.67e-02
 1.03172e+15	8.65e-01	1.35e-01	0.00e+00	0.00e+00	0.00e+00	0.00e+00	0.00e+00	0.00e+00	0.00e+00	5.48e-01	2.30e-01	8.71e-02
 1.03236e+15	8.71e-01	1.29e-01	0.00e+00	0.00e+00	0.00e+00	0.00e+00	0.00e+00	0.00e+00	0.00e+00	5.53e-01	2.30e-01	8.74e-02
 1.03299e+15	8.76e-01	1.24e-01	0.00e+00	0.00e+00	0.00e+00	0.00e+00	0.00e+00	0.00e+00	0.00e+00	5.58e-01	2.31e-01	8.77e-02
 1.03360e+15	8.81e-01	1.19e-01	0.00e+00	0.00e+00	0.00e+00	0.00e+00	0.00e+00	0.00e+00	0.00e+00	5.62e-01	2.31e-01	8.79e-02
 1.03421e+15	8.86e-01	1.14e-01	0.00e+00	0.00e+00	0.00e+00	0.00e+00	0.00e+00	0.00e+00	0.00e+00	5.66e-01	2.31e-01	8.82e-02
 1.03482e+15	8.90e-01	1.10e-01	0.00e+00	0.00e+00	0.00e+00	0.00e+00	0.00e+00	0.00e+00	0.00e+00	5.70e-01	2.32e-01	8.84e-02
 1.03543e+15	8.95e-01	1.05e-01	0.00e+00	0.00e+00	0.00e+00	0.00e+00	0.00e+00	0.00e+00	0.00e+00	5.74e-01	2.32e-01	8.86e-02
 1.03603e+15	8.99e-01	1.01e-01	0.00e+00	0.00e+00	0.00e+00	0.00e+00	0.00e+00	0.00e+00	0.00e+00	5.78e-01	2.32e-01	8.88e-02
 1.03662e+15	9.03e-01	9.68e-02	0.00e+00	0.00e+00	0.00e+00	0.00e+00	0.00e+00	0.00e+00	0.00e+00	5.82e-01	2.32e-01	8.89e-02
 1.03722e+15	9.07e-01	9.29e-02	0.00e+00	0.00e+00	0.00e+00	0.00e+00	0.00e+00	0.00e+00	0.00e+00	5.86e-01	2.32e-01	8.90e-02
 1.03780e+15	9.11e-01	8.92e-02	0.00e+00	0.00e+00	0.00e+00	0.00e+00	0.00e+00	0.00e+00	0.00e+00	5.89e-01	2.32e-01	8.92e-02
 1.03838e+15	9.14e-01	8.55e-02	0.00e+00	0.00e+00	0.00e+00	0.00e+00	0.00e+00	0.00e+00	0.00e+00	5.93e-01	2.32e-01	8.93e-02
 1.03896e+15	9.18e-01	8.21e-02	0.00e+00	0.00e+00	0.00e+00	0.00e+00	0.00e+00	0.00e+00	0.00e+00	5.96e-01	2.32e-01	8.93e-02
 1.03954e+15	9.21e-01	7.88e-02	0.00e+00	0.00e+00	0.00e+00	0.00e+00	0.00e+00	0.00e+00	0.00e+00	6.00e-01	2.32e-01	8.94e-02
 1.04012e+15	9.24e-01	7.57e-02	0.00e+00	0.00e+00	0.00e+00	0.00e+00	0.00e+00	0.00e+00	0.00e+00	6.03e-01	2.32e-01	8.95e-02
 1.04068e+15	9.27e-01	7.26e-02	0.00e+00	0.00e+00	0.00e+00	0.00e+00	0.00e+00	0.00e+00	0.00e+00	6.06e-01	2.32e-01	8.95e-02
 1.04125e+15	9.30e-01	6.97e-02	0.00e+00	0.00e+00	0.00e+00	0.00e+00	0.00e+00	0.00e+00	0.00e+00	6.09e-01	2.32e-01	8.95e-02
 1.04181e+15	9.33e-01	6.69e-02	0.00e+00	0.00e+00	0.00e+00	0.00e+00	0.00e+00	0.00e+00	0.00e+00	6.12e-01	2.32e-01	8.95e-02
 1.04237e+15	9.36e-01	6.41e-02	0.00e+00	0.00e+00	0.00e+00	0.00e+00	0.00e+00	0.00e+00	0.00e+00	6.15e-01	2.31e-01	8.95e-02
 1.04293e+15	9.38e-01	6.15e-02	0.00e+00	0.00e+00	0.00e+00	0.00e+00	0.00e+00	0.00e+00	0.00e+00	6.18e-01	2.31e-01	8.95e-02
 1.04349e+15	9.41e-01	5.90e-02	0.00e+00	0.00e+00	0.00e+00	0.00e+00	0.00e+00	0.00e+00	0.00e+00	6.20e-01	2.31e-01	8.95e-02
 1.04404e+15	9.43e-01	5.67e-02	0.00e+00	0.00e+00	0.00e+00	0.00e+00	0.00e+00	0.00e+00	0.00e+00	6.23e-01	2.31e-01	8.95e-02
 1.04459e+15	9.46e-01	5.45e-02	0.00e+00	0.00e+00	0.00e+00	0.00e+00	0.00e+00	0.00e+00	0.00e+00	6.25e-01	2.31e-01	8.94e-02
 1.04512e+15	9.48e-01	5.22e-02	0.00e+00	0.00e+00	0.00e+00	0.00e+00	0.00e+00	0.00e+00	0.00e+00	6.28e-01	2.30e-01	8.94e-02
 1.04566e+15	9.50e-01	5.01e-02	0.00e+00	0.00e+00	0.00e+00	0.00e+00	0.00e+00	0.00e+00	0.00e+00	6.30e-01	2.30e-01	8.93e-02
 1.04620e+15	9.52e-01	4.80e-02	0.00e+00	0.00e+00	0.00e+00	0.00e+00	0.00e+00	0.00e+00	0.00e+00	6.33e-01	2.30e-01	8.93e-02
 1.04674e+15	9.54e-01	4.61e-02	0.00e+00	0.00e+00	0.00e+00	0.00e+00	0.00e+00	0.00e+00	0.00e+00	6.35e-01	2.29e-01	8.92e-02
 1.04726e+15	9.56e-01	4.42e-02	0.00e+00	0.00e+00	0.00e+00	0.00e+00	0.00e+00	0.00e+00	0.00e+00	6.37e-01	2.29e-01	8.91e-02
 1.04778e+15	9.58e-01	4.24e-02	0.00e+00	0.00e+00	0.00e+00	0.00e+00	0.00e+00	0.00e+00	0.00e+00	6.40e-01	2.29e-01	8.90e-02
 1.04830e+15	9.59e-01	4.07e-02	0.00e+00	0.00e+00	0.00e+00	0.00e+00	0.00e+00	0.00e+00	0.00e+00	6.42e-01	2.29e-01	8.89e-02
 1.04881e+15	9.61e-01	3.90e-02	0.00e+00	0.00e+00	0.00e+00	0.00e+00	0.00e+00	0.00e+00	0.00e+00	6.44e-01	2.28e-01	8.88e-02
 1.04931e+15	9.63e-01	3.74e-02	0.00e+00	0.00e+00	0.00e+00	0.00e+00	0.00e+00	0.00e+00	0.00e+00	6.46e-01	2.28e-01	8.87e-02
 1.04981e+15	9.64e-01	3.58e-02	0.00e+00	0.00e+00	0.00e+00	0.00e+00	0.00e+00	0.00e+00	0.00e+00	6.48e-01	2.27e-01	8.85e-02
 1.05030e+15	9.66e-01	3.44e-02	0.00e+00	0.00e+00	0.00e+00	0.00e+00	0.00e+00	0.00e+00	0.00e+00	6.50e-01	2.27e-01	8.84e-02
 1.05077e+15	9.67e-01	3.29e-02	0.00e+00	0.00e+00	0.00e+00	0.00e+00	0.00e+00	0.00e+00	0.00e+00	6.52e-01	2.26e-01	8.82e-02
 1.05124e+15	9.68e-01	3.15e-02	0.00e+00	0.00e+00	0.00e+00	0.00e+00	0.00e+00	0.00e+00	0.00e+00	6.54e-01	2.26e-01	8.80e-02
 1.05170e+15	9.70e-01	3.02e-02	0.00e+00	0.00e+00	0.00e+00	0.00e+00	0.00e+00	0.00e+00	0.00e+00	6.56e-01	2.26e-01	8.78e-02
 1.05214e+15	9.71e-01	2.89e-02	0.00e+00	0.00e+00	0.00e+00	0.00e+00	0.00e+00	0.00e+00	0.00e+00	6.59e-01	2.25e-01	8.76e-02
 1.05255e+15	9.72e-01	2.77e-02	0.00e+00	0.00e+00	0.00e+00	0.00e+00	0.00e+00	0.00e+00	0.00e+00	6.61e-01	2.24e-01	8.73e-02
 1.05292e+15	9.73e-01	2.66e-02	0.00e+00	0.00e+00	0.00e+00	0.00e+00	0.00e+00	0.00e+00	0.00e+00	6.62e-01	2.24e-01	8.71e-02
